-6.347999999999999476e-02
-5.258387387387387230e-02
-8.075774774774774345e-02
-6.986162162162162792e-02
-5.897549549549548770e-02
-6.760936936936937092e-02
-6.648324324324324242e-02
-3.606711711711711732e-02
-2.517099099099099485e-02
-4.357486486486486510e-02
-1.314873873873874041e-02
-2.262612612612612331e-03
-4.019648648648648653e-02
-2.931036036036036366e-02
1.115765765765764500e-03
-7.518108108108108312e-03
-3.569198198198197947e-02
-2.480585585585586006e-02
-5.296972972972972815e-02
-1.007036036036036003e-01
-4.095747747747747330e-02
1.876864864864865104e-02
1.012477477477477517e-02
-8.279099099099102022e-03
2.214702702702702961e-02
3.303615315315315548e-02
3.416227927927927704e-02
-3.774594594594594954e-03
-4.170846846846847089e-02
-6.984234234234233674e-02
-3.945621621621621389e-02
-2.857009009009008754e-02
-8.606396396396395754e-02
-7.513783783783783976e-02
-4.472171171171171467e-02
-5.335558558558559095e-02
-3.269945945945945676e-02
-2.181333333333333041e-02
-3.044720720720720669e-02
-4.885108108108108388e-02
-1.843495495495495184e-02
1.199117117117116937e-02
-4.547270270270270531e-02
-2.591765765765765561e-01
-2.580504504504504415e-01
2.996756756756756568e-01
1.140801801801801796e+00
1.287927927927928096e+00
7.132540540540540652e-01
6.006318018018017707e-02
-1.145936936936936823e-01
-6.466756756756755764e-02
-8.304144144144144646e-02
-7.211531531531531480e-02
-5.148918918918918286e-02
-6.986306306306305780e-02
-9.803693693693693589e-02
-8.721081081081082098e-02
-5.678468468468468588e-02
-6.535855855855855767e-02
-4.473243243243242573e-02
-1.431630630630630063e-02
-6.198018018018018604e-02
-4.135405405405405410e-02
2.812207207207206849e-02
9.718198198198205184e-03
2.061432432432432765e-02
3.150045045045045400e-02
6.192657657657657522e-02
5.329270270270269894e-02
8.371182882882882703e-02
1.043649549549549582e-01
8.596408108108108403e-02
1.359172072072072079e-01
1.761033333333333339e-01
1.576994594594594568e-01
1.490655855855855805e-01
1.697217117117117147e-01
1.806078378378378479e-01
1.817339639639639626e-01
1.925900900900900936e-01
1.937162162162162082e-01
1.655823423423423424e-01
1.764784684684684857e-01
1.580745945945946085e-01
1.103707207207207108e-01
1.114968468468468393e-01
1.028559729729729699e-01
7.468909909909909883e-02
3.674522522522523371e-02
2.811135135135135743e-02
4.876747747747747080e-02
2.059360360360359965e-02
3.148972972972972906e-02
4.237585585585586234e-02
1.421198198198198037e-02
1.533810810810810887e-02
6.734234234234234839e-03
3.712036036036035769e-02
8.986486486486491843e-03
2.960261261261261378e-02
6.002873873873874194e-02
6.115486486486487044e-02
8.181099099099098382e-02
8.293711711711711232e-02
6.453324324324324901e-02
6.565936936936936363e-02
9.608549549549549873e-02
7.767162162162162542e-02
2.997774774774773776e-02
8.969387387387386945e-02
6.152000000000000524e-02
7.241612612612610689e-02
4.424225225225225655e-02
5.513837837837837208e-02
6.602450450450451924e-02
5.739063063063062908e-02
5.851675675675674371e-02
8.893288288288288268e-02
9.982900900900899821e-02
8.142513513513513490e-02
1.118512612612612561e-01
1.227373873873874033e-01
8.480351351351350653e-02
9.568963963963962593e-02
1.261157657657657749e-01
1.174818918918918847e-01
8.930801801801802053e-02
1.001941441441441399e-01
7.203027027027025797e-02
2.429639639639639970e-02
8.404252252252251976e-02
1.437686486486486614e-01
1.351247747747747752e-01
1.167209009009009119e-01
1.471470270270270331e-01
1.580361531531531416e-01
1.591622792792792840e-01
1.212254054054053981e-01
8.329153153153154299e-02
5.515765765765766326e-02
8.554378378378377223e-02
9.642990990990991940e-02
3.893603603603602858e-02
4.986216216216217412e-02
8.027828828828828533e-02
7.164441441441442293e-02
9.230054054054054324e-02
1.031866666666666627e-01
9.455279279279280025e-02
7.614891891891890918e-02
1.065650450450450620e-01
1.369911711711711555e-01
7.952729729729728081e-02
-1.341765765765765561e-01
-1.330504504504504415e-01
4.246756756756756568e-01
1.265801801801801796e+00
1.412927927927928096e+00
8.382540540540540652e-01
1.850631801801801701e-01
1.040630630630631770e-02
6.033243243243242848e-02
4.195855855855856742e-02
5.288468468468468520e-02
7.351081081081080326e-02
5.513693693693694220e-02
2.696306306306306411e-02
3.778918918918919290e-02
6.821531531531531412e-02
5.964144144144142845e-02
8.026756756756757427e-02
1.106836936936936855e-01
6.301981981981982783e-02
8.364594594594594590e-02
1.531220720720720685e-01
1.347181981981981913e-01
1.456143243243243068e-01
1.565004504504504679e-01
1.869265765765765752e-01
1.782927027027026989e-01
2.087118288288288270e-01
2.293649549549549582e-01
2.109640810810810840e-01
2.609172072072071802e-01
3.011033333333333339e-01
2.826994594594594568e-01
2.740655855855855805e-01
2.947217117117116869e-01
3.056078378378378479e-01
3.067339639639639626e-01
3.175900900900900936e-01
3.187162162162162082e-01
2.905823423423423701e-01
3.014784684684684857e-01
2.830745945945946085e-01
2.353707207207207108e-01
2.364968468468468532e-01
2.278559729729729699e-01
1.996890990990990988e-01
1.617452252252252198e-01
1.531113513513513436e-01
1.737674774774774777e-01
1.455936036036035996e-01
1.564897297297297429e-01
1.673758558558558485e-01
1.392119819819819804e-01
1.403381081081080950e-01
1.317342342342342487e-01
1.621203603603603716e-01
1.339864864864864780e-01
1.546026126126125999e-01
1.850287387387387350e-01
1.861548648648648496e-01
2.068109909909909838e-01
2.079371171171170984e-01
1.895332432432432490e-01
1.906593693693693636e-01
2.210854954954954987e-01
2.026716216216216115e-01
1.549777477477477516e-01
2.146938738738738972e-01
1.865200000000000191e-01
1.974161261261261069e-01
1.692422522522522288e-01
1.801383783783783998e-01
1.910245045045045331e-01
1.823906306306306291e-01
1.835167567567567437e-01
2.139328828828828688e-01
2.248290090090090398e-01
2.064251351351351349e-01
2.368512612612612700e-01
2.477373873873873755e-01
2.098035135135134788e-01
2.206896396396396676e-01
2.511157657657657749e-01
2.424818918918918986e-01
2.143080180180179928e-01
2.251941441441441816e-01
1.970302702702702857e-01
1.492963963963964136e-01
2.090425225225225336e-01
2.687686486486486337e-01
2.601247747747748029e-01
2.417209009009009257e-01
2.721470270270270331e-01
2.830361531531531694e-01
2.841622792792792840e-01
2.462254054054054397e-01
2.082915315315315430e-01
1.801576576576576771e-01
2.105437837837837722e-01
2.214299099099099055e-01
1.639360360360360702e-01
1.748621621621621602e-01
2.052782882882882853e-01
1.966444144144143813e-01
2.173005405405405155e-01
2.281866666666667043e-01
2.195527927927928002e-01
2.011489189189188953e-01
2.315650450450450482e-01
2.619911711711711555e-01
2.045272972972972947e-01
-9.176576576576556121e-03
-8.050450450450441497e-03
5.496756756756756568e-01
1.390801801801801796e+00
1.537927927927928096e+00
9.632540540540540652e-01
3.100631801801801979e-01
1.354063063063062899e-01
1.853324324324324701e-01
1.669585585585585674e-01
1.778846846846846852e-01
1.985108108108107894e-01
1.801369369369369144e-01
1.519630630630630919e-01
1.627891891891891929e-01
1.932153153153153280e-01
1.846414414414414285e-01
2.052675675675675326e-01
2.356836936936937132e-01
1.880198198198198278e-01
2.086459459459459320e-01
2.781220720720720685e-01
2.597181981981981913e-01
2.706143243243243623e-01
2.815004504504504679e-01
3.119265765765765752e-01
3.032927027027026989e-01
3.337118288288288825e-01
3.543649549549549582e-01
3.359640810810811118e-01
3.859172072072071802e-01
4.261033333333333339e-01
4.076994594594595123e-01
3.990655855855855805e-01
4.197217117117116869e-01
4.306078378378378479e-01
4.317339639639639626e-01
4.425900900900900936e-01
4.437162162162162082e-01
4.155823423423423701e-01
4.264784684684684857e-01
4.080745945945945530e-01
3.603707207207207386e-01
3.614968468468468532e-01
3.528559729729729977e-01
3.246890990990990988e-01
2.867452252252252198e-01
2.781113513513513436e-01
2.987674774774775055e-01
2.705936036036036274e-01
2.814897297297297429e-01
2.923758558558558485e-01
2.642119819819819804e-01
2.653381081081080950e-01
2.567342342342342487e-01
2.871203603603603716e-01
2.589864864864865335e-01
2.796026126126126554e-01
3.100287387387387628e-01
3.111548648648648774e-01
3.318109909909909838e-01
3.329371171171171540e-01
3.145332432432432768e-01
3.156593693693693914e-01
3.460854954954954987e-01
3.276716216216216115e-01
2.799777477477477516e-01
3.396938738738738972e-01
3.115200000000000191e-01
3.224161261261261346e-01
2.942422522522522010e-01
3.051383783783784276e-01
3.160245045045045331e-01
3.073906306306306568e-01
3.085167567567567160e-01
3.389328828828828688e-01
3.498290090090090398e-01
3.314251351351351627e-01
3.618512612612612700e-01
3.727373873873873755e-01
3.348035135135135065e-01
3.456896396396396676e-01
3.761157657657657749e-01
3.674818918918918986e-01
3.393080180180180205e-01
3.501941441441441816e-01
3.220302702702703135e-01
2.742963963963964136e-01
3.340425225225225336e-01
3.937686486486486337e-01
3.851247747747748029e-01
3.667209009009009257e-01
3.971470270270270331e-01
4.080361531531531694e-01
4.091622792792792840e-01
3.712254054054054397e-01
3.332915315315315707e-01
3.051576576576576771e-01
3.355437837837838000e-01
3.464299099099099055e-01
2.889360360360360702e-01
2.998621621621621602e-01
3.302782882882883131e-01
3.216444144144143813e-01
3.423005405405404877e-01
3.531866666666667043e-01
3.445527927927928280e-01
3.261489189189188953e-01
3.565650450450450482e-01
3.869911711711711555e-01
3.295272972972972947e-01
1.158234234234234439e-01
1.169495495495495585e-01
6.746756756756756568e-01
1.515801801801801796e+00
1.662927927927928096e+00
1.088254054054054176e+00
4.350631801801801979e-01
2.604063063063062899e-01
3.103324324324324701e-01
2.919585585585585674e-01
3.028846846846846574e-01
3.235108108108107894e-01
3.051369369369368867e-01
2.769630630630630641e-01
2.877891891891891651e-01
3.182153153153153280e-01
3.096414414414414562e-01
3.302675675675675326e-01
3.606836936936936855e-01
3.130198198198198556e-01
3.336459459459459320e-01
4.031220720720720685e-01
3.847181981981981913e-01
3.956143243243243623e-01
4.065004504504504679e-01
4.369265765765765752e-01
4.282927027027026989e-01
4.587118288288288825e-01
4.793649549549549582e-01
4.609640810810811118e-01
5.109172072072072357e-01
5.511033333333332784e-01
5.326994594594595123e-01
5.240655855855855805e-01
5.447217117117116869e-01
5.556078378378378479e-01
5.567339639639639071e-01
5.675900900900900936e-01
5.687162162162162637e-01
5.405823423423423701e-01
5.514784684684684857e-01
5.330745945945946085e-01
4.853707207207207386e-01
4.864968468468468532e-01
4.778559729729729977e-01
4.496890990990990988e-01
4.117452252252252198e-01
4.031113513513513436e-01
4.237674774774775055e-01
3.955936036036036274e-01
4.064897297297297429e-01
4.173758558558558485e-01
3.892119819819819804e-01
3.903381081081080950e-01
3.817342342342342487e-01
4.121203603603603716e-01
3.839864864864865335e-01
4.046026126126126554e-01
4.350287387387387628e-01
4.361548648648648774e-01
4.568109909909909838e-01
4.579371171171171540e-01
4.395332432432432768e-01
4.406593693693693914e-01
4.710854954954954987e-01
4.526716216216216115e-01
4.049777477477477516e-01
4.646938738738738972e-01
4.365200000000000191e-01
4.474161261261261902e-01
4.192422522522522010e-01
4.301383783783784276e-01
4.410245045045044776e-01
4.323906306306306568e-01
4.335167567567568270e-01
4.639328828828828688e-01
4.748290090090090398e-01
4.564251351351351071e-01
4.868512612612612700e-01
4.977373873873874310e-01
4.598035135135135065e-01
4.706896396396396676e-01
5.011157657657656639e-01
4.924818918918918986e-01
4.643080180180180760e-01
4.751941441441441261e-01
4.470302702702703135e-01
3.992963963963963581e-01
4.590425225225225336e-01
5.187686486486486892e-01
5.101247747747746919e-01
4.917209009009009257e-01
5.221470270270269776e-01
5.330361531531531138e-01
5.341622792792792840e-01
4.962254054054053842e-01
4.582915315315315707e-01
4.301576576576577327e-01
4.605437837837838000e-01
4.714299099099099610e-01
4.139360360360360147e-01
4.248621621621621602e-01
4.552782882882883131e-01
4.466444144144143813e-01
4.673005405405405988e-01
4.781866666666666488e-01
4.695527927927928280e-01
4.511489189189189508e-01
4.815650450450450482e-01
5.119911711711712110e-01
4.545272972972972392e-01
2.408234234234234439e-01
2.419495495495496140e-01
7.996756756756756568e-01
1.640801801801801796e+00
1.787927927927928096e+00
1.213254054054054176e+00
5.600631801801801979e-01
3.854063063063062899e-01
4.353324324324324701e-01
4.169585585585585119e-01
4.278846846846846574e-01
4.485108108108108449e-01
4.301369369369368867e-01
4.019630630630630641e-01
4.127891891891891651e-01
4.432153153153153280e-01
4.346414414414414562e-01
4.552675675675675326e-01
4.856836936936936855e-01
4.380198198198197446e-01
4.586459459459459320e-01
5.281220720720720685e-01
5.097181981981981913e-01
5.206143243243243068e-01
5.315004504504503569e-01
5.619265765765765197e-01
5.532927027027026989e-01
5.837118288288287715e-01
6.043649549549550137e-01
5.859640810810810008e-01
6.359172072072072357e-01
6.761033333333333895e-01
6.576994594594594012e-01
6.490655855855855805e-01
6.697217117117116869e-01
6.806078378378378479e-01
6.817339639639640181e-01
6.925900900900900936e-01
6.937162162162162637e-01
6.655823423423422591e-01
6.764784684684684857e-01
6.580745945945946085e-01
6.103707207207207386e-01
6.114968468468469087e-01
6.028559729729729977e-01
5.746890990990990433e-01
5.367452252252252753e-01
5.281113513513513436e-01
5.487674774774774500e-01
5.205936036036036274e-01
5.314897297297297429e-01
5.423758558558559040e-01
5.142119819819819249e-01
5.153381081081080950e-01
5.067342342342342487e-01
5.371203603603603716e-01
5.089864864864864780e-01
5.296026126126125444e-01
5.600287387387387072e-01
5.611548648648648774e-01
5.818109909909909838e-01
5.829371171171171540e-01
5.645332432432431657e-01
5.656593693693693359e-01
5.960854954954954987e-01
5.776716216216215560e-01
5.299777477477477516e-01
5.896938738738738417e-01
5.615200000000000191e-01
5.724161261261261346e-01
5.442422522522522010e-01
5.551383783783784276e-01
5.660245045045044776e-01
5.573906306306306568e-01
5.585167567567568270e-01
5.889328828828828133e-01
5.998290090090090398e-01
5.814251351351350516e-01
6.118512612612612145e-01
6.227373873873873755e-01
5.848035135135134510e-01
5.956896396396396121e-01
6.261157657657656639e-01
6.174818918918918431e-01
5.893080180180180205e-01
6.001941441441440706e-01
5.720302702702703135e-01
5.242963963963963581e-01
5.840425225225225336e-01
6.437686486486486892e-01
6.351247747747746919e-01
6.167209009009009257e-01
6.471470270270269776e-01
6.580361531531531138e-01
6.591622792792792840e-01
6.212254054054053842e-01
5.832915315315315707e-01
5.551576576576576771e-01
5.855437837837838000e-01
5.964299099099099610e-01
5.389360360360360147e-01
5.498621621621622158e-01
5.802782882882883131e-01
5.716444144144143813e-01
5.923005405405405988e-01
6.031866666666666488e-01
5.945527927927928280e-01
5.761489189189189508e-01
6.065650450450450482e-01
6.369911711711712110e-01
5.795272972972972392e-01
3.658234234234234439e-01
3.669495495495496140e-01
9.246756756756756568e-01
1.765801801801801796e+00
1.912927927927928096e+00
1.338254054054054176e+00
6.850631801801801979e-01
5.104063063063062344e-01
5.603324324324324701e-01
5.419585585585584564e-01
5.528846846846846574e-01
5.735108108108109004e-01
5.551369369369368867e-01
5.269630630630630641e-01
5.377891891891891651e-01
5.682153153153153280e-01
5.596414414414414562e-01
5.802675675675675881e-01
6.106836936936936855e-01
5.630198198198197446e-01
5.836459459459459875e-01
6.531220720720720685e-01
6.347181981981981913e-01
6.456143243243243068e-01
6.565004504504503569e-01
6.869265765765765197e-01
6.782927027027026989e-01
7.087118288288287715e-01
7.293649549549550137e-01
7.109640810810810008e-01
7.609172072072072357e-01
8.011033333333333895e-01
7.826994594594594012e-01
7.740655855855855805e-01
7.947217117117116869e-01
8.056078378378378479e-01
8.067339639639640181e-01
8.175900900900900936e-01
8.187162162162162637e-01
7.905823423423422591e-01
8.014784684684684857e-01
7.830745945945946085e-01
7.353707207207207386e-01
7.364968468468469087e-01
7.278559729729729977e-01
6.996890990990990433e-01
6.617452252252252753e-01
6.531113513513513436e-01
6.737674774774774500e-01
6.455936036036036274e-01
6.564897297297297429e-01
6.673758558558559040e-01
6.392119819819819249e-01
6.403381081081080950e-01
6.317342342342342487e-01
6.621203603603603716e-01
6.339864864864864780e-01
6.546026126126125444e-01
6.850287387387387072e-01
6.861548648648648774e-01
7.068109909909909838e-01
7.079371171171171540e-01
6.895332432432431657e-01
6.906593693693693359e-01
7.210854954954954987e-01
7.026716216216215560e-01
6.549777477477477516e-01
7.146938738738738417e-01
6.865200000000000191e-01
6.974161261261261346e-01
6.692422522522522010e-01
6.801383783783784276e-01
6.910245045045044776e-01
6.823906306306306568e-01
6.835167567567568270e-01
7.139328828828828133e-01
7.248290090090090398e-01
7.064251351351350516e-01
7.368512612612612145e-01
7.477373873873873755e-01
7.098035135135134510e-01
7.206896396396396121e-01
7.511157657657656639e-01
7.424818918918918431e-01
7.143080180180180205e-01
7.251941441441440706e-01
6.970302702702703135e-01
6.492963963963963581e-01
7.090425225225225336e-01
7.687686486486486892e-01
7.601247747747746919e-01
7.417209009009009257e-01
7.721470270270269776e-01
7.830361531531531138e-01
7.841622792792792840e-01
7.462254054054053842e-01
7.082915315315315707e-01
6.801576576576576771e-01
7.105437837837838000e-01
7.214299099099099610e-01
6.639360360360360147e-01
6.748621621621622158e-01
7.052782882882883131e-01
6.966444144144143813e-01
7.173005405405405988e-01
7.281866666666666488e-01
7.195527927927928280e-01
7.011489189189189508e-01
7.315650450450450482e-01
7.619911711711712110e-01
7.045272972972972392e-01
4.908234234234234439e-01
4.919495495495496140e-01
1.049675675675675546e+00
1.890801801801801796e+00
2.037927927927928096e+00
1.463254054054054176e+00
8.100631801801801979e-01
6.354063063063062344e-01
6.853324324324324701e-01
6.669585585585584564e-01
6.778846846846846574e-01
6.985108108108109004e-01
6.801369369369368867e-01
6.519630630630630641e-01
6.627891891891891651e-01
6.932153153153153280e-01
6.846414414414414562e-01
7.052675675675675881e-01
7.356836936936936855e-01
6.880198198198197446e-01
7.086459459459459875e-01
7.781220720720720685e-01
7.597181981981981913e-01
7.706143243243243068e-01
7.815004504504503569e-01
8.119265765765765197e-01
8.032927027027026989e-01
8.337118288288287715e-01
8.543649549549550137e-01
8.359640810810810008e-01
8.859172072072072357e-01
9.261033333333333895e-01
9.076994594594594012e-01
8.990655855855855805e-01
9.197217117117116869e-01
9.306078378378378479e-01
9.317339639639640181e-01
9.425900900900900936e-01
9.437162162162162637e-01
9.155823423423422591e-01
9.264784684684684857e-01
9.080745945945946085e-01
8.603707207207207386e-01
8.614968468468469087e-01
8.528559729729729977e-01
8.246890990990990433e-01
7.867452252252252753e-01
7.781113513513513436e-01
7.987674774774774500e-01
7.705936036036036274e-01
7.814897297297297429e-01
7.923758558558559040e-01
7.642119819819819249e-01
7.653381081081080950e-01
7.567342342342342487e-01
7.871203603603603716e-01
7.589864864864864780e-01
7.796026126126125444e-01
8.100287387387387072e-01
8.111548648648648774e-01
8.318109909909909838e-01
8.329371171171171540e-01
8.145332432432431657e-01
8.156593693693693359e-01
8.460854954954954987e-01
8.276716216216215560e-01
7.799777477477477516e-01
8.396938738738738417e-01
8.115200000000000191e-01
8.224161261261261346e-01
7.942422522522522010e-01
8.051383783783784276e-01
8.160245045045044776e-01
8.073906306306306568e-01
8.085167567567568270e-01
8.389328828828828133e-01
8.498290090090090398e-01
8.314251351351350516e-01
8.618512612612612145e-01
8.727373873873873755e-01
8.348035135135134510e-01
8.456896396396396121e-01
8.761157657657656639e-01
8.674818918918918431e-01
8.393080180180180205e-01
8.501941441441440706e-01
8.220302702702703135e-01
7.742963963963963581e-01
8.340425225225225336e-01
8.937686486486486892e-01
8.851247747747746919e-01
8.667209009009009257e-01
8.971470270270269776e-01
9.080361531531531138e-01
9.091622792792792840e-01
8.712254054054053842e-01
8.332915315315315707e-01
8.051576576576576771e-01
8.355437837837838000e-01
8.464299099099099610e-01
7.889360360360360147e-01
7.998621621621622158e-01
8.302782882882883131e-01
8.216444144144143813e-01
8.423005405405405988e-01
8.531866666666666488e-01
8.445527927927928280e-01
8.261489189189189508e-01
8.565650450450450482e-01
8.869911711711712110e-01
8.295272972972972392e-01
6.158234234234234439e-01
6.169495495495496140e-01
1.174675675675675546e+00
2.015801801801801574e+00
2.162927927927928096e+00
1.588254054054054176e+00
9.350631801801801979e-01
7.604063063063062344e-01
8.103324324324324701e-01
7.919585585585584564e-01
8.028846846846846574e-01
8.235108108108109004e-01
8.051369369369368867e-01
7.769630630630630641e-01
7.877891891891891651e-01
8.182153153153153280e-01
8.096414414414414562e-01
8.302675675675675881e-01
8.606836936936936855e-01
8.130198198198197446e-01
8.336459459459459875e-01
9.031220720720720685e-01
8.847181981981981913e-01
8.956143243243243068e-01
9.065004504504503569e-01
9.369265765765765197e-01
9.282927027027026989e-01
9.587118288288287715e-01
9.793649549549550137e-01
9.609640810810810008e-01
1.010917207207207236e+00
1.051103333333333278e+00
1.032699459459459401e+00
1.024065585585585580e+00
1.044721711711711576e+00
1.055607837837837737e+00
1.056733963963963907e+00
1.067590090090090094e+00
1.068716216216216264e+00
1.040582342342342370e+00
1.051478468468468375e+00
1.033074594594594720e+00
9.853707207207207386e-01
9.864968468468469087e-01
9.778559729729729977e-01
9.496890990990990433e-01
9.117452252252252753e-01
9.031113513513513436e-01
9.237674774774774500e-01
8.955936036036036274e-01
9.064897297297297429e-01
9.173758558558559040e-01
8.892119819819819249e-01
8.903381081081080950e-01
8.817342342342342487e-01
9.121203603603603716e-01
8.839864864864864780e-01
9.046026126126125444e-01
9.350287387387387072e-01
9.361548648648648774e-01
9.568109909909909838e-01
9.579371171171171540e-01
9.395332432432431657e-01
9.406593693693693359e-01
9.710854954954954987e-01
9.526716216216215560e-01
9.049777477477477516e-01
9.646938738738738417e-01
9.365200000000000191e-01
9.474161261261261346e-01
9.192422522522523121e-01
9.301383783783783166e-01
9.410245045045044776e-01
9.323906306306306568e-01
9.335167567567568270e-01
9.639328828828829243e-01
9.748290090090089288e-01
9.564251351351350516e-01
9.868512612612612145e-01
9.977373873873873755e-01
9.598035135135135620e-01
9.706896396396395010e-01
1.001115765765765664e+00
9.924818918918918431e-01
9.643080180180180205e-01
9.751941441441441816e-01
9.470302702702702025e-01
8.992963963963963581e-01
9.590425225225225336e-01
1.018768648648648689e+00
1.010124774774774803e+00
9.917209009009008147e-01
1.022147027027026978e+00
1.033036153153153114e+00
1.034162279279279284e+00
9.962254054054054953e-01
9.582915315315314597e-01
9.301576576576575661e-01
9.605437837837838000e-01
9.714299099099099610e-01
9.139360360360361257e-01
9.248621621621621047e-01
9.552782882882882021e-01
9.466444144144143813e-01
9.673005405405405988e-01
9.781866666666667598e-01
9.695527927927927170e-01
9.511489189189188398e-01
9.815650450450450482e-01
1.011991171171171100e+00
9.545272972972973502e-01
7.408234234234233329e-01
7.419495495495495030e-01
1.299675675675675546e+00
2.140801801801801574e+00
2.287927927927928096e+00
1.713254054054053954e+00
1.060063180180180087e+00
8.854063063063062344e-01
9.353324324324324701e-01
9.169585585585586784e-01
9.278846846846845464e-01
9.485108108108107894e-01
9.301369369369368867e-01
9.019630630630630641e-01
9.127891891891892762e-01
9.432153153153154390e-01
9.346414414414413452e-01
9.552675675675675881e-01
9.856836936936936855e-01
9.380198198198198556e-01
9.586459459459460986e-01
1.028122072072072068e+00
1.009718198198198191e+00
1.020614324324324418e+00
1.031500450450450579e+00
1.061926576576576631e+00
1.053292702702702588e+00
1.083711828828828772e+00
1.104364954954955014e+00
1.085964081081081112e+00
1.135917207207207236e+00
1.176103333333333278e+00
1.157699459459459401e+00
1.149065585585585580e+00
1.169721711711711798e+00
1.180607837837837959e+00
1.181733963963963907e+00
1.192590090090090094e+00
1.193716216216216264e+00
1.165582342342342370e+00
1.176478468468468597e+00
1.158074594594594497e+00
1.110370720720720739e+00
1.111496846846846909e+00
1.102855972972972998e+00
1.074689099099099154e+00
1.036745225225225164e+00
1.028111351351351344e+00
1.048767477477477561e+00
1.020593603603603627e+00
1.031489729729729854e+00
1.042375855855855793e+00
1.014211981981981925e+00
1.015338108108108095e+00
1.006734234234234249e+00
1.037120360360360483e+00
1.008986486486486367e+00
1.029602612612612544e+00
1.060028738738738818e+00
1.061154864864864988e+00
1.081810990990990984e+00
1.082937117117116932e+00
1.064533243243243277e+00
1.065659369369369447e+00
1.096085495495495499e+00
1.077671621621621778e+00
1.029977747747747641e+00
1.089693873873873731e+00
1.061520000000000019e+00
1.072416126126126246e+00
1.044242252252252312e+00
1.055138378378378317e+00
1.066024504504504478e+00
1.057390630630630657e+00
1.058516756756756827e+00
1.088932882882883035e+00
1.099829009009008818e+00
1.081425135135135163e+00
1.111851261261261214e+00
1.122737387387387376e+00
1.084803513513513673e+00
1.095689639639639612e+00
1.126115765765765664e+00
1.117481891891891843e+00
1.089308018018018132e+00
1.100194144144144293e+00
1.072030270270270202e+00
1.024296396396396247e+00
1.084042522522522534e+00
1.143768648648648689e+00
1.135124774774774803e+00
1.116720900900900704e+00
1.147147027027026978e+00
1.158036153153153114e+00
1.159162279279279284e+00
1.121225405405405384e+00
1.083291531531531460e+00
1.055157657657657566e+00
1.085543783783783800e+00
1.096429909909909961e+00
1.038936036036036015e+00
1.049862162162161994e+00
1.080278288288288202e+00
1.071644414414414381e+00
1.092300540540540599e+00
1.103186666666666760e+00
1.094552792792792717e+00
1.076148918918918840e+00
1.106565045045045048e+00
1.136991171171171100e+00
1.079527297297297350e+00
8.658234234234233329e-01
8.669495495495495030e-01
1.424675675675675546e+00
2.265801801801801574e+00
2.412927927927928096e+00
1.838254054054053954e+00
1.185063180180180087e+00
1.010406306306306234e+00
1.060332432432432359e+00
1.041958558558558678e+00
1.052884684684684657e+00
1.073510810810810678e+00
1.055136936936936998e+00
1.026963063063063064e+00
1.037789189189189276e+00
1.068215315315315328e+00
1.059641441441441456e+00
1.080267567567567477e+00
1.110683693693693685e+00
1.063019819819819967e+00
1.083645945945945988e+00
1.153122072072072068e+00
1.134718198198198191e+00
1.145614324324324418e+00
1.156500450450450579e+00
1.186926576576576631e+00
1.178292702702702588e+00
1.208711828828828772e+00
1.229364954954955014e+00
1.210964081081081112e+00
1.260917207207207236e+00
1.301103333333333278e+00
1.282699459459459401e+00
1.274065585585585580e+00
1.294721711711711798e+00
1.305607837837837959e+00
1.306733963963963907e+00
1.317590090090090094e+00
1.318716216216216264e+00
1.290582342342342370e+00
1.301478468468468597e+00
1.283074594594594497e+00
1.235370720720720739e+00
1.236496846846846909e+00
1.227855972972972998e+00
1.199689099099099154e+00
1.161745225225225164e+00
1.153111351351351344e+00
1.173767477477477561e+00
1.145593603603603627e+00
1.156489729729729854e+00
1.167375855855855793e+00
1.139211981981981925e+00
1.140338108108108095e+00
1.131734234234234249e+00
1.162120360360360483e+00
1.133986486486486367e+00
1.154602612612612544e+00
1.185028738738738818e+00
1.186154864864864988e+00
1.206810990990990984e+00
1.207937117117116932e+00
1.189533243243243277e+00
1.190659369369369447e+00
1.221085495495495499e+00
1.202671621621621778e+00
1.154977747747747641e+00
1.214693873873873731e+00
1.186520000000000019e+00
1.197416126126126246e+00
1.169242252252252312e+00
1.180138378378378317e+00
1.191024504504504478e+00
1.182390630630630657e+00
1.183516756756756827e+00
1.213932882882883035e+00
1.224829009009008818e+00
1.206425135135135163e+00
1.236851261261261214e+00
1.247737387387387376e+00
1.209803513513513673e+00
1.220689639639639612e+00
1.251115765765765664e+00
1.242481891891891843e+00
1.214308018018018132e+00
1.225194144144144293e+00
1.197030270270270202e+00
1.149296396396396247e+00
1.209042522522522534e+00
1.268768648648648689e+00
1.260124774774774803e+00
1.241720900900900704e+00
1.272147027027026978e+00
1.283036153153153114e+00
1.284162279279279284e+00
1.246225405405405384e+00
1.208291531531531460e+00
1.180157657657657566e+00
1.210543783783783800e+00
1.221429909909909961e+00
1.163936036036036015e+00
1.174862162162161994e+00
1.205278288288288202e+00
1.196644414414414381e+00
1.217300540540540599e+00
1.228186666666666760e+00
1.219552792792792717e+00
1.201148918918918840e+00
1.231565045045045048e+00
1.261991171171171100e+00
1.204527297297297350e+00
9.908234234234233329e-01
9.919495495495495030e-01
1.549675675675675546e+00
2.390801801801801574e+00
2.537927927927928096e+00
1.963254054054053954e+00
1.310063180180180087e+00
1.135406306306306234e+00
1.185332432432432359e+00
1.166958558558558678e+00
1.177884684684684657e+00
1.198510810810810678e+00
1.180136936936936998e+00
1.151963063063063064e+00
1.162789189189189276e+00
1.193215315315315328e+00
1.184641441441441456e+00
1.205267567567567477e+00
1.235683693693693685e+00
1.188019819819819967e+00
1.208645945945945988e+00
1.278122072072072068e+00
1.259718198198198191e+00
1.270614324324324418e+00
1.281500450450450579e+00
1.311926576576576631e+00
1.303292702702702588e+00
1.333711828828828772e+00
1.354364954954955014e+00
1.335964081081081112e+00
1.385917207207207236e+00
1.426103333333333278e+00
1.407699459459459401e+00
1.399065585585585580e+00
1.419721711711711798e+00
1.430607837837837959e+00
1.431733963963963907e+00
1.442590090090090094e+00
1.443716216216216264e+00
1.415582342342342370e+00
1.426478468468468597e+00
1.408074594594594497e+00
1.360370720720720739e+00
1.361496846846846909e+00
1.352855972972972998e+00
1.324689099099099154e+00
1.286745225225225164e+00
1.278111351351351344e+00
1.298767477477477561e+00
1.270593603603603627e+00
1.281489729729729854e+00
1.292375855855855793e+00
1.264211981981981925e+00
1.265338108108108095e+00
1.256734234234234249e+00
1.287120360360360483e+00
1.258986486486486367e+00
1.279602612612612544e+00
1.310028738738738818e+00
1.311154864864864988e+00
1.331810990990990984e+00
1.332937117117116932e+00
1.314533243243243277e+00
1.315659369369369447e+00
1.346085495495495499e+00
1.327671621621621778e+00
1.279977747747747641e+00
1.339693873873873731e+00
1.311520000000000019e+00
1.322416126126126246e+00
1.294242252252252312e+00
1.305138378378378317e+00
1.316024504504504478e+00
1.307390630630630657e+00
1.308516756756756827e+00
1.338932882882883035e+00
1.349829009009008818e+00
1.331425135135135163e+00
1.361851261261261214e+00
1.372737387387387376e+00
1.334803513513513673e+00
1.345689639639639612e+00
1.376115765765765664e+00
1.367481891891891843e+00
1.339308018018018132e+00
1.350194144144144293e+00
1.322030270270270202e+00
1.274296396396396247e+00
1.334042522522522534e+00
1.393768648648648689e+00
1.385124774774774803e+00
1.366720900900900704e+00
1.397147027027026978e+00
1.408036153153153114e+00
1.409162279279279284e+00
1.371225405405405384e+00
1.333291531531531460e+00
1.305157657657657566e+00
1.335543783783783800e+00
1.346429909909909961e+00
1.288936036036036015e+00
1.299862162162161994e+00
1.330278288288288202e+00
1.321644414414414381e+00
1.342300540540540599e+00
1.353186666666666760e+00
1.344552792792792717e+00
1.326148918918918840e+00
1.356565045045045048e+00
1.386991171171171100e+00
1.329527297297297350e+00
1.115823423423423222e+00
1.116949549549549392e+00
1.674675675675675546e+00
2.515801801801801574e+00
2.662927927927928096e+00
2.088254054054053732e+00
1.435063180180180087e+00
1.260406306306306234e+00
1.310332432432432359e+00
1.291958558558558678e+00
1.302884684684684657e+00
1.323510810810810678e+00
1.305136936936936998e+00
1.276963063063063064e+00
1.287789189189189276e+00
1.318215315315315328e+00
1.309641441441441456e+00
1.330267567567567477e+00
1.360683693693693685e+00
1.313019819819819967e+00
1.333645945945945988e+00
1.403122072072072068e+00
1.384718198198198191e+00
1.395614324324324418e+00
1.406500450450450579e+00
1.436926576576576631e+00
1.428292702702702588e+00
1.458711828828828772e+00
1.479364954954955014e+00
1.460964081081081112e+00
1.510917207207207236e+00
1.551103333333333278e+00
1.532699459459459401e+00
1.524065585585585580e+00
1.544721711711711798e+00
1.555607837837837959e+00
1.556733963963963907e+00
1.567590090090090094e+00
1.568716216216216264e+00
1.540582342342342370e+00
1.551478468468468597e+00
1.533074594594594497e+00
1.485370720720720739e+00
1.486496846846846909e+00
1.477855972972972998e+00
1.449689099099099154e+00
1.411745225225225164e+00
1.403111351351351344e+00
1.423767477477477561e+00
1.395593603603603627e+00
1.406489729729729854e+00
1.417375855855855793e+00
1.389211981981981925e+00
1.390338108108108095e+00
1.381734234234234249e+00
1.412120360360360483e+00
1.383986486486486367e+00
1.404602612612612544e+00
1.435028738738738818e+00
1.436154864864864988e+00
1.456810990990990984e+00
1.457937117117116932e+00
1.439533243243243277e+00
1.440659369369369447e+00
1.471085495495495499e+00
1.452671621621621778e+00
1.404977747747747641e+00
1.464693873873873731e+00
1.436520000000000019e+00
1.447416126126126246e+00
1.419242252252252312e+00
1.430138378378378317e+00
1.441024504504504478e+00
1.432390630630630657e+00
1.433516756756756827e+00
1.463932882882883035e+00
1.474829009009008818e+00
1.456425135135135163e+00
1.486851261261261214e+00
1.497737387387387376e+00
1.459803513513513673e+00
1.470689639639639612e+00
1.501115765765765664e+00
1.492481891891891843e+00
1.464308018018018132e+00
1.475194144144144293e+00
1.447030270270270202e+00
1.399296396396396247e+00
1.459042522522522534e+00
1.518768648648648689e+00
1.510124774774774803e+00
1.491720900900900704e+00
1.522147027027026978e+00
1.533036153153153114e+00
1.534162279279279284e+00
1.496225405405405384e+00
1.458291531531531460e+00
1.430157657657657566e+00
1.460543783783783800e+00
1.471429909909909961e+00
1.413936036036036015e+00
1.424862162162161994e+00
1.455278288288288202e+00
1.446644414414414381e+00
1.467300540540540599e+00
1.478186666666666760e+00
1.469552792792792717e+00
1.451148918918918840e+00
1.481565045045045048e+00
1.511991171171171100e+00
1.454527297297297350e+00
1.240823423423423222e+00
1.241949549549549392e+00
1.799675675675675546e+00
2.640801801801801574e+00
2.787927927927928096e+00
2.213254054054053732e+00
1.560063180180180087e+00
1.385406306306306234e+00
1.435332432432432359e+00
1.416958558558558678e+00
1.427884684684684657e+00
1.448510810810810678e+00
1.430136936936936998e+00
1.401963063063063064e+00
1.412789189189189276e+00
1.443215315315315328e+00
1.434641441441441456e+00
1.455267567567567477e+00
1.485683693693693685e+00
1.438019819819819967e+00
1.458645945945945988e+00
1.528122072072072068e+00
1.509718198198198191e+00
1.520614324324324418e+00
1.531500450450450579e+00
1.561926576576576631e+00
1.553292702702702588e+00
1.583711828828828772e+00
1.604364954954955014e+00
1.585964081081081112e+00
1.635917207207207236e+00
1.676103333333333278e+00
1.657699459459459401e+00
1.649065585585585580e+00
1.669721711711711798e+00
1.680607837837837959e+00
1.681733963963963907e+00
1.692590090090090094e+00
1.693716216216216264e+00
1.665582342342342370e+00
1.676478468468468597e+00
1.658074594594594497e+00
1.610370720720720739e+00
1.611496846846846909e+00
1.602855972972972998e+00
1.574689099099099154e+00
1.536745225225225164e+00
1.528111351351351344e+00
1.548767477477477561e+00
1.520593603603603627e+00
1.531489729729729854e+00
1.542375855855855793e+00
1.514211981981981925e+00
1.515338108108108095e+00
1.506734234234234249e+00
1.537120360360360483e+00
1.508986486486486367e+00
1.529602612612612544e+00
1.560028738738738818e+00
1.561154864864864988e+00
1.581810990990990984e+00
1.582937117117116932e+00
1.564533243243243277e+00
1.565659369369369447e+00
1.596085495495495499e+00
1.577671621621621778e+00
1.529977747747747641e+00
1.589693873873873731e+00
1.561520000000000019e+00
1.572416126126126246e+00
1.544242252252252312e+00
1.555138378378378317e+00
1.566024504504504478e+00
1.557390630630630657e+00
1.558516756756756827e+00
1.588932882882883035e+00
1.599829009009008818e+00
1.581425135135135163e+00
1.611851261261261214e+00
1.622737387387387376e+00
1.584803513513513673e+00
1.595689639639639612e+00
1.626115765765765664e+00
1.617481891891891843e+00
1.589308018018018132e+00
1.600194144144144293e+00
1.572030270270270202e+00
1.524296396396396247e+00
1.584042522522522534e+00
1.643768648648648689e+00
1.635124774774774803e+00
1.616720900900900704e+00
1.647147027027026978e+00
1.658036153153153114e+00
1.659162279279279284e+00
1.621225405405405384e+00
1.583291531531531460e+00
1.555157657657657566e+00
1.585543783783783800e+00
1.596429909909909961e+00
1.538936036036036015e+00
1.549862162162161994e+00
1.580278288288288202e+00
1.571644414414414381e+00
1.592300540540540599e+00
1.603186666666666760e+00
1.594552792792792717e+00
1.576148918918918840e+00
1.606565045045045048e+00
1.636991171171171100e+00
1.579527297297297350e+00
1.365823423423423222e+00
1.366949549549549392e+00
1.924675675675675546e+00
2.765801801801801574e+00
2.912927927927928096e+00
2.338254054054053732e+00
1.685063180180180087e+00
1.510406306306306234e+00
1.560332432432432359e+00
1.541958558558558678e+00
1.552884684684684657e+00
1.573510810810810678e+00
1.555136936936936998e+00
1.526963063063063064e+00
1.537789189189189276e+00
1.568215315315315328e+00
1.559641441441441456e+00
1.580267567567567477e+00
1.610683693693693685e+00
1.563019819819819967e+00
1.583645945945945988e+00
1.653122072072072068e+00
1.634718198198198191e+00
1.645614324324324418e+00
1.656500450450450579e+00
1.686926576576576631e+00
1.678292702702702588e+00
1.708711828828828772e+00
1.729364954954955014e+00
1.710964081081081112e+00
1.760917207207207236e+00
1.801103333333333278e+00
1.782699459459459401e+00
1.774065585585585580e+00
1.794721711711711798e+00
1.805607837837837959e+00
1.806733963963963907e+00
1.817590090090090094e+00
1.818716216216216264e+00
1.790582342342342370e+00
1.801478468468468597e+00
1.783074594594594497e+00
1.735370720720720739e+00
1.736496846846846909e+00
1.727855972972972998e+00
1.699689099099099154e+00
1.661745225225225164e+00
1.653111351351351344e+00
1.673767477477477561e+00
1.645593603603603627e+00
1.656489729729729854e+00
1.667375855855855793e+00
1.639211981981981925e+00
1.640338108108108095e+00
1.631734234234234249e+00
1.662120360360360483e+00
1.633986486486486367e+00
1.654602612612612544e+00
1.685028738738738818e+00
1.686154864864864988e+00
1.706810990990990984e+00
1.707937117117116932e+00
1.689533243243243277e+00
1.690659369369369447e+00
1.721085495495495499e+00
1.702671621621621778e+00
1.654977747747747641e+00
1.714693873873873731e+00
1.686520000000000019e+00
1.697416126126126246e+00
1.669242252252252312e+00
1.680138378378378317e+00
1.691024504504504478e+00
1.682390630630630657e+00
1.683516756756756827e+00
1.713932882882883035e+00
1.724829009009008818e+00
1.706425135135135163e+00
1.736851261261261214e+00
1.747737387387387376e+00
1.709803513513513673e+00
1.720689639639639612e+00
1.751115765765765664e+00
1.742481891891891843e+00
1.714308018018018132e+00
1.725194144144144293e+00
1.697030270270270202e+00
1.649296396396396247e+00
1.709042522522522534e+00
1.768768648648648689e+00
1.760124774774774803e+00
1.741720900900900704e+00
1.772147027027026978e+00
1.783036153153153114e+00
1.784162279279279284e+00
1.746225405405405384e+00
1.708291531531531460e+00
1.680157657657657566e+00
1.710543783783783800e+00
1.721429909909909961e+00
1.663936036036036015e+00
1.674862162162161994e+00
1.705278288288288202e+00
1.696644414414414381e+00
1.717300540540540599e+00
1.728186666666666760e+00
1.719552792792792717e+00
1.701148918918918840e+00
1.731565045045045048e+00
1.761991171171171100e+00
1.704527297297297350e+00
1.490823423423423222e+00
1.491949549549549392e+00
2.049675675675675546e+00
2.890801801801801574e+00
3.037927927927928096e+00
2.463254054054053732e+00
1.810063180180180087e+00
1.635406306306306234e+00
1.685332432432432359e+00
1.666958558558558678e+00
1.677884684684684657e+00
1.698510810810810678e+00
1.680136936936936998e+00
1.651963063063063064e+00
1.662789189189189276e+00
1.693215315315315328e+00
1.684641441441441456e+00
1.705267567567567477e+00
1.735683693693693685e+00
1.688019819819819967e+00
1.708645945945945988e+00
1.778122072072072068e+00
1.759718198198198191e+00
1.770614324324324418e+00
1.781500450450450579e+00
1.811926576576576631e+00
1.803292702702702588e+00
1.833711828828828772e+00
1.854364954954955014e+00
1.835964081081081112e+00
1.885917207207207236e+00
1.926103333333333278e+00
1.907699459459459401e+00
1.899065585585585580e+00
1.919721711711711798e+00
1.930607837837837959e+00
1.931733963963963907e+00
1.942590090090090094e+00
1.943716216216216264e+00
1.915582342342342370e+00
1.926478468468468597e+00
1.908074594594594497e+00
1.860370720720720739e+00
1.861496846846846909e+00
1.852855972972972998e+00
1.824689099099099154e+00
1.786745225225225164e+00
1.778111351351351344e+00
1.798767477477477561e+00
1.770593603603603627e+00
1.781489729729729854e+00
1.792375855855855793e+00
1.764211981981981925e+00
1.765338108108108095e+00
1.756734234234234249e+00
1.787120360360360483e+00
1.758986486486486367e+00
1.779602612612612544e+00
1.810028738738738818e+00
1.811154864864864988e+00
1.831810990990990984e+00
1.832937117117116932e+00
1.814533243243243277e+00
1.815659369369369447e+00
1.846085495495495499e+00
1.827671621621621778e+00
1.779977747747747641e+00
1.839693873873873731e+00
1.811520000000000019e+00
1.822416126126126246e+00
1.794242252252252312e+00
1.805138378378378317e+00
1.816024504504504478e+00
1.807390630630630657e+00
1.808516756756756827e+00
1.838932882882883035e+00
1.849829009009008818e+00
1.831425135135135163e+00
1.861851261261261214e+00
1.872737387387387376e+00
1.834803513513513673e+00
1.845689639639639612e+00
1.876115765765765664e+00
1.867481891891891843e+00
1.839308018018018132e+00
1.850194144144144293e+00
1.822030270270270202e+00
1.774296396396396247e+00
1.834042522522522534e+00
1.893768648648648689e+00
1.885124774774774803e+00
1.866720900900900704e+00
1.897147027027026978e+00
1.908036153153153114e+00
1.909162279279279284e+00
1.871225405405405384e+00
1.833291531531531460e+00
1.805157657657657566e+00
1.835543783783783800e+00
1.846429909909909961e+00
1.788936036036036015e+00
1.799862162162161994e+00
1.830278288288288202e+00
1.821644414414414381e+00
1.842300540540540599e+00
1.853186666666666760e+00
1.844552792792792717e+00
1.826148918918918840e+00
1.856565045045045048e+00
1.886991171171171100e+00
1.829527297297297350e+00
1.615823423423423222e+00
1.616949549549549392e+00
2.174675675675675546e+00
3.015801801801801574e+00
3.162927927927928096e+00
2.588254054054053732e+00
1.935063180180180087e+00
1.760406306306306234e+00
1.810332432432432359e+00
1.791958558558558678e+00
1.802884684684684657e+00
1.823510810810810678e+00
1.805136936936936998e+00
1.776963063063063064e+00
1.787789189189189276e+00
1.818215315315315328e+00
1.809641441441441456e+00
1.830267567567567477e+00
1.860683693693693685e+00
1.813019819819819967e+00
1.833645945945945988e+00
1.903122072072072068e+00
1.884718198198198191e+00
1.895614324324324418e+00
1.906500450450450579e+00
1.936926576576576631e+00
1.928292702702702588e+00
1.958711828828828772e+00
1.979364954954955014e+00
1.960964081081081112e+00
2.010917207207207458e+00
2.051103333333333278e+00
2.032699459459459401e+00
2.024065585585585580e+00
2.044721711711711798e+00
2.055607837837837959e+00
2.056733963963963685e+00
2.067590090090090094e+00
2.068716216216216264e+00
2.040582342342342592e+00
2.051478468468468375e+00
2.033074594594594497e+00
1.985370720720720739e+00
1.986496846846846909e+00
1.977855972972972998e+00
1.949689099099099154e+00
1.911745225225225164e+00
1.903111351351351344e+00
1.923767477477477561e+00
1.895593603603603627e+00
1.906489729729729854e+00
1.917375855855855793e+00
1.889211981981981925e+00
1.890338108108108095e+00
1.881734234234234249e+00
1.912120360360360483e+00
1.883986486486486367e+00
1.904602612612612544e+00
1.935028738738738818e+00
1.936154864864864988e+00
1.956810990990990984e+00
1.957937117117116932e+00
1.939533243243243277e+00
1.940659369369369447e+00
1.971085495495495499e+00
1.952671621621621778e+00
1.904977747747747641e+00
1.964693873873873731e+00
