-6.347999999999999476e-02
-4.663439991056805844e-02
-6.885915405923789812e-02
-5.201461666637646752e-02
-3.518114191688190284e-02
-3.786908394245142029e-02
-3.079879680385169682e-02
5.559365526806990532e-03
2.239504918379234960e-02
9.927900425466242018e-03
4.628756565199465545e-02
6.310369142305065349e-02
3.109592447550919153e-02
4.790391174113318995e-02
8.424730036424979418e-02
8.152573771941601377e-02
5.925887142907284438e-02
7.604634938118685905e-02
5.377781974687875777e-02
1.193293099803742485e-02
7.756133192491930506e-02
1.431626716537314215e-01
1.403865996641978364e-01
1.278427658071084050e-01
1.641208203218490758e-01
1.808534138539120428e-01
1.878141974723867014e-01
1.557028226874282995e-01
1.235849414677054059e-01
1.012572062578237092e-01
1.374392699957262820e-01
1.541107861300695103e-01
1.023914086375726090e-01
1.190807920403414849e-01
1.552485914231650221e-01
1.523544624507829348e-01
1.787380613851251854e-01
1.953390451025207586e-01
1.924070711108762655e-01
1.796917975668228529e-01
2.157828832928300744e-01
2.518699877942873200e-01
2.000527712765503563e-01
-8.019105338046894627e-03
-1.275980393216580300e-03
5.620518085182222290e-01
1.408763924571245107e+00
1.561460031725485642e+00
9.923397947420575793e-01
3.446858792003411054e-01
1.755489515147235502e-01
2.309776789513007800e-01
2.180887296445357393e-01
2.344817726138728464e-01
2.605564777803085486e-01
2.476125159829170308e-01
2.248495589953287410e-01
2.410672795421636982e-01
2.768653513154163970e-01
2.736434489907916268e-01
2.996012482439925906e-01
3.353284257669580937e-01
2.929546592840477359e-01
3.188496275681782510e-01
3.935730104569043486e-01
3.803944888684479553e-01
3.964937448176732993e-01
4.125604614320063090e-01
4.481443229672990025e-01
4.446450148236369415e-01
4.801752235610899366e-01
5.059156369154038657e-01
4.925779438136345667e-01
5.475698343897211773e-01
5.927699999999999081e-01
5.793551332386561725e-01
5.756849279531143226e-01
6.012790792593655231e-01
6.170772835572316817e-01
6.230892385455649718e-01
6.388046432373823968e-01
6.447631979749350872e-01
6.214346044447097706e-01
6.371085656923646257e-01
6.234547861375953071e-01
5.804729715889345165e-01
5.862928292584786982e-01
5.823170677765481251e-01
5.587863972062732110e-01
5.254495290581109312e-01
5.213931763042866097e-01
5.465970533931655551e-01
5.229408762635480157e-01
5.383243623588913618e-01
5.536672306414552880e-01
5.299292016063724686e-01
5.354499972956422438e-01
5.312093413120460017e-01
5.659269588329848277e-01
5.420925766242390420e-01
5.669759230536466355e-01
6.016367281047035886e-01
6.069647233900813399e-01
6.317896421650641692e-01
6.370512193409028079e-01
6.227491914980868293e-01
6.279432968995327657e-01
6.624032755036872722e-01
6.479888689775460398e-01
6.042598207095882801e-01
6.679058758226226189e-01
6.436267811865475919e-01
6.583822854310253936e-01
6.340321389580663158e-01
6.487160939545244531e-01
6.633539044045043687e-01
6.584353261016784309e-01
6.632401166615121690e-01
6.972980355334000846e-01
7.117988440127080985e-01
6.969623052527242901e-01
7.309181842765167803e-01
7.452962479886975355e-01
7.108162651870925108e-01
7.251180065743166869e-01
7.589212447692536001e-01
7.536257543184394780e-01
7.287513117073496360e-01
7.428976953715900056e-01
7.179546857079883715e-01
6.734020650855898626e-01
7.362896178565518923e-01
7.991171303669405424e-01
7.935343909674273943e-01
7.781511900238858859e-01
8.115573199278856009e-01
8.253855751070875435e-01
8.294097520355345754e-01
7.943296492438420842e-01
7.592110673292841172e-01
7.338508089657761468e-01
7.669686789137543093e-01
7.805444840299503584e-01
7.256980332770607278e-01
7.392291377333113367e-01
7.722076106019153396e-01
7.660932672204259219e-01
7.892259250699805717e-01
8.025454037844386157e-01
7.963015251594124377e-01
7.802441131611881353e-01
8.129629939355389467e-01
8.456479958164293542e-01
7.903989493346093020e-01
5.788656872260986574e-01
5.821180444405613663e-01
1.141925858149568374e+00
1.985088967754750300e+00
2.134207214895837090e+00
1.561480443458585388e+00
9.101914995825965971e-01
7.373912316690187652e-01
7.891284903881357060e-01
7.725201286868434991e-01
7.851660017960133686e-01
8.074659672377387798e-01
7.907198848324686891e-01
7.641276167060258029e-01
7.764890272965093709e-01
8.084039833610811021e-01
8.012723539826372976e-01
8.232940105763623118e-01
8.550588268961657468e-01
8.086966790410045069e-01
8.305774454610841406e-01
9.012610069639449550e-01
8.840172467204298057e-01
8.960260502705318375e-01
9.079773055291264772e-01
9.394209027915816357e-01
9.317567347392509136e-01
9.630976964448457744e-01
9.846246853776895458e-01
9.670496014088493242e-01
1.017780346816150594e+00
1.058695826289068220e+00
1.040972946933498733e+00
1.032971618276411263e+00
1.054211752270376223e+00
1.065633263297974587e+00
1.067246068176083140e+00
1.078540086160040046e+00
1.080055238947686069e+00
1.052261450683286359e+00
1.063448647961326765e+00
1.045286759830189149e+00
9.977757177957042867e-01
9.990454558245801531e-01
9.904989103477084278e-01
9.623770202633468163e-01
9.244287269401780804e-01
9.157409742202453629e-01
9.362937084217637373e-01
9.079668783418083366e-01
9.186604352588768618e-01
9.292943329353293702e-01
9.008285276197028901e-01
9.016029780489024370e-01
8.925976454502659863e-01
9.225324935435061935e-01
8.938974885425264860e-01
9.139625991571127539e-01
9.437877965944996284e-01
9.442630545608124981e-01
9.642183492623831453e-01
9.645936594069414172e-01
9.453889662046813802e-01
9.456642533692019015e-01
9.751895071183216412e-01
9.558247161747693843e-01
9.071298717667488631e-01
9.657949676283774654e-01
9.365200000000000191e-01
9.462649676283774181e-01
9.168898717667488540e-01
9.265347161747694571e-01
9.361195071183217031e-01
9.261342533692019652e-01
9.258589662046815549e-01
9.548236594069413607e-01
9.642183492623831453e-01
9.442630545608124981e-01
9.730877965944996211e-01
9.823225991571127302e-01
9.426874885425264861e-01
9.518224935435061207e-01
9.804476454502659699e-01
9.699629780489024133e-01
9.398885276197029848e-01
9.488243329353293065e-01
9.186604352588769729e-01
8.688768783418083785e-01
9.265237084217637920e-01
9.841009742202452282e-01
9.732587269401780095e-01
9.526070202633468709e-01
9.807359103477084616e-01
9.892784558245801829e-01
9.880087177957042055e-01
9.476267598301891804e-01
9.071986479613267651e-01
8.765214506832864627e-01
9.043152389476862840e-01
9.125600861600400293e-01
8.523760681760832458e-01
8.605632632979746122e-01
8.881917522703762780e-01
8.767216182764112631e-01
8.944929469334989003e-01
9.024458262890683313e-01
8.908303468161506977e-01
8.693966014088494454e-01
8.967346853776894111e-01
9.240346964448459266e-01
8.633967347392509373e-01
6.464709027915817030e-01
6.443273055291265372e-01
1.198736050270531983e+00
2.036497246720429644e+00
2.180211006963945319e+00
1.602077445461084215e+00
9.453796790410046169e-01
7.671688268961658341e-01
8.134940105763621698e-01
7.914723539826373777e-01
7.987039833610811712e-01
8.155890272965093946e-01
7.934276167060259066e-01
7.614198848324686963e-01
7.683659672377387562e-01
7.948660017960134105e-01
7.823201286868436410e-01
7.989284903881358479e-01
8.252812316690188998e-01
7.735084995825965981e-01
7.899804434585852020e-01
8.552572148958367260e-01
8.326089677547503509e-01
8.392158581495684500e-01
8.457680444405611953e-01
8.718156872260987011e-01
8.587589493346093894e-01
8.847109958164295351e-01
9.008529939355391924e-01
8.778971131611880141e-01
9.232515251594124450e-01
9.587954037844387267e-01
9.357059250699806263e-01
9.223432672204261440e-01
9.382276106019156181e-01
9.442991377333114222e-01
9.405680332770608443e-01
9.465244840299504858e-01
9.427086789137544276e-01
9.095908089657761542e-01
9.154610673292842282e-01
8.919896492438421642e-01
8.391767520355346566e-01
8.351525751070876247e-01
8.213203199278856781e-01
7.879211900238858313e-01
7.447043909674274653e-01
7.307571303669405660e-01
7.460596178565518377e-01
7.124920650855901538e-01
7.179546857079883715e-01
7.233676953715899582e-01
6.896913117073496524e-01
6.852657543184393907e-01
6.710712447692536164e-01
6.958280065743169818e-01
6.620262651870926218e-01
6.769362479886976702e-01
7.016181842765168986e-01
6.969623052527244012e-01
7.117988440127083205e-01
7.070680355334003631e-01
6.827701166615123274e-01
6.779653261016784782e-01
7.024239044045044178e-01
6.780060939545244914e-01
6.242721389580664360e-01
6.779122854310252189e-01
6.436267811865475919e-01
6.483758758226225716e-01
6.140198207095883820e-01
6.186988689775462236e-01
6.233332755036873341e-01
6.084132968995328294e-01
6.032191914980872260e-01
6.272812193409026404e-01
6.317896421650645022e-01
6.069647233900813399e-01
6.309367281047035814e-01
6.353359230536469449e-01
5.908825766242389310e-01
5.952169588329851990e-01
6.190593413120458743e-01
6.038099972956425532e-01
5.689892016063723412e-01
5.731972306414553353e-01
5.383243623588915838e-01
4.838508762635483906e-01
5.368270533931658317e-01
5.897531763042864750e-01
5.742795290581109713e-01
5.490163972062731546e-01
5.725540677765482700e-01
5.765258292584788391e-01
5.707059715889345464e-01
5.257947861375954490e-01
4.808585656923646257e-01
4.456946044447099298e-01
4.690231979749351909e-01
4.728246432373824915e-01
4.082192385455649664e-01
4.120072835572316516e-01
4.352590792593654667e-01
4.194349279531146557e-01
4.328751332386562289e-01
4.365200000000003522e-01
4.206198343897211700e-01
3.949249438136348545e-01
4.180256369154038421e-01
4.411122235610898668e-01
3.762850148236372427e-01
1.551943229672989033e-01
1.489104614320065911e-01
6.992037448176731118e-01
1.532874488868448015e+00
1.672523010456904213e+00
1.090349627568178548e+00
4.296376592840480124e-01
2.474384257669582365e-01
2.898012482439928372e-01
2.638434489907913183e-01
2.671653513154165216e-01
2.801672795421638607e-01
2.541495589953288725e-01
2.183125159829170936e-01
2.214564777803086637e-01
2.441817726138729161e-01
2.278887296445361865e-01
2.407776789513008109e-01
2.634389515147239624e-01
2.080028792003411342e-01
2.208397947420575602e-01
2.825100317254854998e-01
2.562839245712452696e-01
2.593418085182226940e-01
2.623740196067833597e-01
2.849308946619534821e-01
2.684127712765502771e-01
2.909329877942876674e-01
3.036728832928299315e-01
2.773447975668231757e-01
3.193570711108765781e-01
3.515890451025205921e-01
3.252180613851254343e-01
3.086044624507827683e-01
3.212685914231652173e-01
3.241507920403416954e-01
3.172614086375727949e-01
3.200907861300696933e-01
3.131792699957264836e-01
2.769972062578238137e-01
2.798349414677051006e-01
2.533628226874283795e-01
1.975811974723867548e-01
1.906204138539121240e-01
1.738838203218491252e-01
1.376127658071085169e-01
9.155659966419786577e-02
7.480267165373186145e-02
8.733133192491931984e-02
5.102293099803786869e-02
5.377781974687870226e-02
5.651634938118681173e-02
2.019887142907277056e-02
1.316573771941592641e-02
-3.602699635749856411e-03
1.861391174113306846e-02
-1.769407552449049625e-02
-5.256308576949489386e-03
1.698756565199494722e-02
9.927900425466505696e-03
2.239504918379259940e-02
1.532936552680722736e-02
-1.126879680385192012e-02
-1.833908394245121337e-02
3.888858083117830572e-03
-2.272461666637629746e-02
-7.861915405923775024e-02
-2.710439991056792092e-02
-6.347999999999986986e-02
-6.078560008943183907e-02
-9.716084594076201952e-02
-9.446538333362301809e-02
-9.177885808311803117e-02
-1.086109160575485372e-01
-1.156812031961482745e-01
-9.345936552680698950e-02
-9.075504918379191654e-02
-1.173479004254662506e-01
-9.510756565199425527e-02
-9.240369142305070171e-02
-1.385159244755088115e-01
-1.358039117411332652e-01
-1.135473003642494400e-01
-1.303457377194157107e-01
-1.666788714290729778e-01
-1.639463493811865735e-01
-2.002578197468788956e-01
-2.561329309980371893e-01
-2.045213319249195028e-01
-1.529226716537311903e-01
-1.696865996641976071e-01
-1.962027658071082703e-01
-1.738808203218488724e-01
-1.710874138539118794e-01
-1.780481974723865102e-01
-2.240628226874286089e-01
-2.700649414677053217e-01
-3.062572062578235998e-01
-2.839192699957262533e-01
-2.810707861300694166e-01
-3.465914086375720959e-01
-3.436807920403414651e-01
-3.212685914231645512e-01
-3.378944624507829730e-01
-3.252180613851247681e-01
-3.222990451025207759e-01
-3.388870711108763478e-01
-3.652317975668225025e-01
-3.427428832928300917e-01
-3.202299877942869633e-01
-3.855927712765505055e-01
-6.071808946619527969e-01
-6.139240196067835553e-01
-6.405180851822200871e-02
7.692360754287549396e-01
9.085399682745144423e-01
3.260602052579426591e-01
-3.349198792003412750e-01
-5.173489515147233764e-01
-4.751776789513009747e-01
-5.012887296445355245e-01
-4.980817726138726531e-01
-4.851564777803084594e-01
-5.112125159829168375e-01
-5.470495589953281446e-01
-5.438672795421636286e-01
-5.210653513154163141e-01
-5.372434489907915722e-01
-5.242012482439926124e-01
-5.013484257669580391e-01
-5.565546592840477924e-01
-5.434496275681778288e-01
-4.814730104569043267e-01
-5.073544888684475840e-01
-5.039137448176733702e-01
-5.004604614320059541e-01
-4.774443229672990507e-01
-4.934650148236370271e-01
-4.704092235610896067e-01
-4.570956369154040022e-01
-4.828119438136342367e-01
-4.401498343897213283e-01
-4.072299999999997033e-01
-4.328751332386560069e-01
-4.487249279531141388e-01
-4.352590792593652447e-01
-4.315372835572314214e-01
-4.375492385455647115e-01
-4.338046432373827144e-01
-4.397631979749349607e-01
-4.749546044447097159e-01
-4.710885656923643472e-01
-4.964947861375953453e-01
-5.511729715889343018e-01
-5.569928292584785945e-01
-5.725510677765477396e-01
-6.076063972062732965e-01
-6.524095290581104489e-01
-6.678731763042865532e-01
-6.540170533931656260e-01
-6.889608762635481831e-01
-6.848043623588914164e-01
-6.806272306414548057e-01
-7.154692016063725069e-01
-7.209899972956420600e-01
-7.362093413120461838e-01
-7.124069588329846603e-01
-7.470925766242387800e-01
-7.329959230536468029e-01
-7.090567281047034376e-01
-7.143847233900816329e-01
-7.001496421650639235e-01
-7.054112193409028952e-01
-7.301691914980867892e-01
-7.353632968995327257e-01
-7.112232755036871357e-01
-7.358888689775461289e-01
-7.897998207095883183e-01
-7.362658758226223732e-01
-7.705867811865476646e-01
-7.658022854310253535e-01
-8.000521389580663723e-01
-7.951960939545243967e-01
-7.903139044045043304e-01
-8.049153261016782634e-01
-8.097201166615121126e-01
-7.851980355333998407e-01
-7.801588440127081858e-01
-8.043823052527240280e-01
-7.797381842765167548e-01
-7.745962479886975283e-01
-8.182362651870925818e-01
-8.130180065743168871e-01
-7.882212447692538149e-01
-8.024457543184395636e-01
-8.361713117073498180e-01
-8.307976953715900947e-01
-8.644346857079879820e-01
-9.176020650855900573e-01
-8.632496178565514100e-01
-8.088771303669406443e-01
-8.228343909674277201e-01
-8.465111900238859732e-01
-8.213173199278858139e-01
-8.156195751070871580e-01
-8.196437520355347450e-01
-8.626896492438417274e-01
-9.056910673292842828e-01
-9.388508089657758848e-01
-9.134486789137544749e-01
-9.075044840299499871e-01
-9.698980332770604784e-01
-9.638291377333114696e-01
-9.382276106019151740e-01
-9.516332672204262932e-01
-9.357059250699802933e-01
-9.295054037844384665e-01
-9.427815251594122703e-01
-9.657841131611879515e-01
-9.399229939355387975e-01
-9.140079958164292195e-01
-9.759389493346091182e-01
-1.194065687226098404e+00
-1.197318044440561113e+00
-6.439258581495683753e-01
1.929110322452497472e-01
3.357927851041634382e-01
-2.430804434585850382e-01
-9.004254995825966557e-01
-1.079191231669018869e+00
-1.033328490388135679e+00
-1.055720128686843395e+00
-1.048766001796013203e+00
-1.032065967237738580e+00
-1.054319884832468635e+00
-1.086327616706025845e+00
-1.079289027296509218e+00
-1.052603983361081186e+00
-1.064872353982637243e+00
-1.047894010576362112e+00
-1.021078826896165692e+00
-1.072296679041004452e+00
-1.055177445461084274e+00
-9.891610069639450442e-01
-1.010977246720429878e+00
-1.003446050270531797e+00
-9.958773055291265663e-01
-9.687209027915817394e-01
-9.805767347392509992e-01
-9.533316964448458330e-01
-9.358046853776894602e-01
-9.572836014088493828e-01
-9.103603468161504120e-01
-8.731558262890682931e-01
-8.944929469334989003e-01
-9.060116182764113013e-01
-8.881917522703762780e-01
-8.800932632979744374e-01
-8.817060681760832130e-01
-8.735400861600398636e-01
-8.750552389476862203e-01
-9.057814506832863044e-01
-8.974286479613267087e-01
-9.183267598301890766e-01
-9.684757177957040719e-01
-9.697454558245801604e-01
-9.807329103477083754e-01
-1.011197020263346902e+00
-1.051388726940178042e+00
-1.062220974220245306e+00
-1.043713708421763808e+00
-1.073986878341808282e+00
-1.065140435258876916e+00
-1.056254332935329332e+00
-1.086368527619702817e+00
-1.087142978048902364e+00
-1.097597645450266057e+00
-1.069012493543506359e+00
-1.098897488542526446e+00
-1.079982599157112588e+00
-1.051207796594499699e+00
-1.051683054560812458e+00
-1.032578349262383011e+00
-1.032953659406941505e+00
-1.052808966204681340e+00
-1.053084253369201972e+00
-1.024009507118321505e+00
-1.043724716174769362e+00
-1.092669871766748901e+00
-1.034154967628377442e+00
-1.063479999999999981e+00
-1.053684967628377489e+00
-1.082909871766748910e+00
-1.073014716174769401e+00
-1.063079507118321665e+00
-1.072614253369202020e+00
-1.072338966204681610e+00
-1.042723659406941339e+00
-1.032578349262383233e+00
-1.051683054560812458e+00
-1.021907796594499596e+00
-1.011622599157112834e+00
-1.050107488542526557e+00
-1.039722493543506099e+00
-1.009747645450266074e+00
-1.018782978048902610e+00
-1.047308527619702945e+00
-1.036724332935329285e+00
-1.065140435258876916e+00
-1.113076878341808573e+00
-1.053483708421763865e+00
-9.938609742202452191e-01
-1.002558726940178113e+00
-1.020967020263346958e+00
-9.904959103477084525e-01
-9.795124558245801305e-01
-9.782427177957043751e-01
-1.015986759830189268e+00
-1.053678647961326709e+00
-1.081521450683286645e+00
-1.050795238947686450e+00
-1.039520086160039991e+00
-1.096576068176083218e+00
-1.085163263297974634e+00
-1.054211752270376445e+00
-1.062261618276411079e+00
-1.040972946933498955e+00
-1.029405826289068404e+00
-1.037310346816150863e+00
-1.054936601408849262e+00
-1.023694685377689595e+00
-9.923946964448459029e-01
-1.048936734739250864e+00
-1.261670902791581783e+00
-1.259527305529126728e+00
-7.007360502705319849e-01
1.415027532795704035e-01
2.897889930360548760e-01
-2.836774454610843099e-01
-9.356136790410044535e-01
-1.108968826896165938e+00
-1.057694010576362365e+00
-1.074672353982637496e+00
-1.062303983361080784e+00
-1.040189027296509527e+00
-1.057027616706025963e+00
-1.083619884832468738e+00
-1.071165967237738936e+00
-1.039066001796013383e+00
-1.045920128686843587e+00
-1.023528490388135870e+00
-9.913012316690189563e-01
-1.037108499582596766e+00
-1.014580443458585668e+00
-9.431572148958368151e-01
-9.595689677547504237e-01
-9.466358581495685209e-01
-9.336680444405618395e-01
-9.011156872260986939e-01
-9.075789493346093639e-01
-8.749449958164298158e-01
-8.520329939355388849e-01
-8.681311131611881837e-01
-8.158315251594123740e-01
-7.732554037844390216e-01
-7.892259250699804607e-01
-7.953832672204259602e-01
-7.722076106019157837e-01
-7.587591377333116061e-01
-7.550280332770605840e-01
-7.415244840299501927e-01
-7.377086789137546896e-01
-7.631108089657759885e-01
-7.494410673292839498e-01
-7.650296492438425355e-01
-8.098767520355348859e-01
-8.058525751070872989e-01
-8.115543199278855147e-01
-8.367411900238862499e-01
-8.716643909674277602e-01
-8.772371303669402876e-01
-8.534796178565522418e-01
-8.785120650855902102e-01
-8.644346857079882041e-01
-8.503276953715896980e-01
-8.752313117073500237e-01
-8.708057543184397620e-01
-8.760712447692534655e-01
-8.423080065743170364e-01
-8.670262651870928039e-01
-8.429562479886978377e-01
-8.090381842765170806e-01
-8.043823052527245832e-01
-7.801588440127084079e-01
-7.754280355333997843e-01
-7.901901166615123984e-01
-7.853853261016785492e-01
-7.512439044045046144e-01
-7.659060939545246915e-01
-8.098121389580665852e-01
-7.462722854310256393e-01
-7.705867811865483308e-01
-7.557958758226227536e-01
-7.800398207095885494e-01
-7.651788689775462782e-01
-7.502932755036872958e-01
-7.548932968995328840e-01
-7.496991914980869476e-01
-7.151812193409035068e-01
-7.001496421650641455e-01
-7.143847233900815219e-01
-6.797567281047036669e-01
-6.646359230536473817e-01
-6.983025766242391130e-01
-6.831169588329849551e-01
-6.483593413120467552e-01
-6.526299972956423057e-01
-6.764092016063724122e-01
-6.610972306414552024e-01
-6.848043623588919715e-01
-7.280508762635480302e-01
-6.637870533931654604e-01
-5.995131763042872430e-01
-6.035795290581115191e-01
-6.173763972062732419e-01
-5.823140677765480389e-01
-5.667598292584793418e-01
-5.609399715889342719e-01
-5.941547861375952033e-01
-6.273385656923651243e-01
-6.506946044447103894e-01
-6.155031979749348015e-01
-5.997846432373822312e-01
-6.524192385455654941e-01
-6.366072835572321731e-01
-6.012790792593653011e-01
-6.049749279531148050e-01
-5.793551332386566166e-01
-5.634799999999996478e-01
-5.670998343897216687e-01
-5.804649438136350037e-01
-5.449856369154042479e-01
-5.094722235610895655e-01
-5.618250148236373365e-01
-7.703943229672993720e-01
-7.641104614320066712e-01
-2.012037448176736687e-01
6.451255111315516988e-01
7.974769895430955380e-01
2.280503724318221903e-01
-4.198716592840480710e-01
-5.892384257669582848e-01
-5.340012482439929764e-01
-5.470434489907918252e-01
-5.307653513154165781e-01
-5.047672795421639380e-01
-5.177495589953281518e-01
-5.405125159829172743e-01
-5.242564777803088161e-01
-4.883817726138729998e-01
-4.914887296445359377e-01
-4.653776789513009438e-01
-4.294589515147236858e-01
-4.716028792003420511e-01
-4.454397947420576931e-01
-3.704100317254855890e-01
-3.832439245712453424e-01
-3.667618085182223764e-01
-3.502740196067834488e-01
-3.142308946619531418e-01
-3.172327712765512508e-01
-2.811669877942872819e-01
-2.548528832928300680e-01
-2.675787975668227903e-01
-2.119370711108770899e-01
-1.660490451025206649e-01
-1.787380613851251299e-01
-1.816444624507837502e-01
-1.552485914231649111e-01
-1.386107920403413796e-01
-1.317214086375724791e-01
-1.150907861300702467e-01
-1.081792699957261489e-01
-1.305172062578235093e-01
-1.138149414677060989e-01
-1.264028226874289729e-01
-1.682811974723864568e-01
-1.613204138539126864e-01
-1.641178203218496834e-01
-1.864327658071081584e-01
-2.185165996641975639e-01
-2.212826716537319993e-01
-1.947513319249198904e-01
-2.170429309980370924e-01
-2.002578197468792842e-01
-1.834763493811873425e-01
-2.057388714290733223e-01
-1.987057377194156316e-01
-2.013973003642502424e-01
-1.650939117411336365e-01
-1.873059244755087283e-01
-1.607636914230510805e-01
-1.244075656519950668e-01
-1.173479004254666391e-01
-9.075504918379184716e-02
-8.368936552680734942e-02
-9.615120319614864353e-02
-8.908091605754890618e-02
-5.270885808311839837e-02
-6.517538333362382641e-02
-1.069208459407623851e-01
-4.125560008943131990e-02
-6.348000000000024456e-02
-4.663439991056828743e-02
-6.885915405923810628e-02
-5.201461666637666181e-02
-3.518114191688208325e-02
-3.786908394245157988e-02
-3.079879680385273072e-02
5.559365526806858693e-03
2.239504918379223164e-02
9.927900425466130996e-03
4.628756565199457218e-02
6.310369142305058410e-02
3.109592447550913602e-02
4.790391174113226014e-02
8.424730036424978030e-02
8.152573771941601377e-02
5.925887142907195621e-02
7.604634938118599863e-02
5.377781974687878552e-02
1.193293099803750812e-02
7.756133192491852790e-02
1.431626716537315047e-01
1.403865996641979474e-01
1.278427658071076833e-01
1.641208203218483264e-01
1.808534138539121816e-01
1.878141974723868401e-01
1.557028226874275778e-01
1.235849414677047398e-01
1.012572062578239035e-01
1.374392699957256714e-01
1.541107861300688997e-01
1.023914086375728588e-01
1.190807920403417625e-01
1.552485914231644115e-01
1.523544624507823797e-01
1.787380613851255184e-01
1.953390451025202590e-01
1.924070711108757659e-01
1.796917975668222978e-01
2.157828832928304630e-01
2.518699877942868759e-01
2.000527712765499122e-01
-8.019105338046450537e-03
-1.275980393216968878e-03
5.620518085182218959e-01
1.408763924571244885e+00
1.561460031725486086e+00
9.923397947420571352e-01
3.446858792003408278e-01
1.755489515147232171e-01
2.309776789513005024e-01
2.180887296445354062e-01
2.344817726138725134e-01
2.605564777803091592e-01
2.476125159829167532e-01
2.248495589953285190e-01
2.410672795421635317e-01
2.768653513154161749e-01
2.736434489907914047e-01
2.996012482439924796e-01
3.353284257669570945e-01
2.929546592840476249e-01
3.188496275681781400e-01
3.935730104569034049e-01
3.803944888684478443e-01
3.964937448176732437e-01
4.125604614320062535e-01
4.481443229672981698e-01
4.446450148236369415e-01
4.801752235610899366e-01
5.059156369154030886e-01
4.925779438136337895e-01
5.475698343897211773e-01
5.927700000000000191e-01
5.793551332386555064e-01
5.756849279531143226e-01
6.012790792593656342e-01
6.170772835572310155e-01
6.230892385455643057e-01
6.388046432373826189e-01
6.447631979749353093e-01
6.214346044447091044e-01
6.371085656923647367e-01
6.234547861375955291e-01
5.804729715889339614e-01
5.862928292584782541e-01
5.823170677765483472e-01
5.587863972062735440e-01
5.254495290581103761e-01
5.213931763042861656e-01
5.465970533931657771e-01
5.229408762635476826e-01
5.383243623588909177e-01
5.536672306414555100e-01
5.299292016063726907e-01
5.354499972956419107e-01
5.312093413120456686e-01
5.659269588329852718e-01
5.420925766242385979e-01
5.669759230536463024e-01
6.016367281047032556e-01
6.069647233900817840e-01
6.317896421650638361e-01
6.370512193409024748e-01
6.227491914980872734e-01
6.279432968995325437e-01
6.624032755036869391e-01
6.479888689775459287e-01
6.042598207095881691e-01
6.679058758226222858e-01
6.436267811865473698e-01
6.583822854310246164e-01
6.340321389580662048e-01
6.487160939545243421e-01
6.633539044045042576e-01
6.584353261016782088e-01
6.632401166615120580e-01
6.972980355334000846e-01
7.117988440127075433e-01
6.969623052527242901e-01
7.309181842765166692e-01
7.452962479886973135e-01
7.108162651870918447e-01
7.251180065743166869e-01
7.589212447692537111e-01
7.536257543184389229e-01
7.287513117073496360e-01
7.428976953715900056e-01
7.179546857079884825e-01
6.734020650855894186e-01
7.362896178565518923e-01
7.991171303669405424e-01
7.935343909674269502e-01
7.781511900238854418e-01
8.115573199278858230e-01
8.253855751070875435e-01
8.294097520355341313e-01
7.943296492438421952e-01
7.592110673292842282e-01
7.338508089657757028e-01
7.669686789137539762e-01
7.805444840299504694e-01
7.256980332770608388e-01
7.392291377333110036e-01
7.722076106019151176e-01
7.660932672204261440e-01
7.892259250699802386e-01
8.025454037844383937e-01
7.963015251594126598e-01
7.802441131611879133e-01
8.129629939355387247e-01
8.456479958164291322e-01
7.903989493346094131e-01
5.788656872260984354e-01
5.821180444405611443e-01
1.141925858149568374e+00
1.985088967754750300e+00
2.134207214895836646e+00
1.561480443458584944e+00
9.101914995825969301e-01
7.373912316690187652e-01
7.891284903881355950e-01
7.725201286868432771e-01
7.851660017960132576e-01
8.074659672377386688e-01
7.907198848324685780e-01
7.641276167060253588e-01
7.764890272965092599e-01
8.084039833610811021e-01
8.012723539826371866e-01
8.232940105763622007e-01
8.550588268961657468e-01
8.086966790410045069e-01
8.305774454610839186e-01
9.012610069639449550e-01
8.840172467204296947e-01
8.960260502705318375e-01
9.079773055291261441e-01
9.394209027915816357e-01
9.317567347392509136e-01
9.630976964448455524e-01
9.846246853776895458e-01
9.670496014088493242e-01
1.017780346816150594e+00
1.058695826289067998e+00
1.040972946933498955e+00
1.032971618276411263e+00
1.054211752270376001e+00
1.065633263297974365e+00
1.067246068176083140e+00
1.078540086160040046e+00
1.080055238947686069e+00
1.052261450683286581e+00
1.063448647961326765e+00
1.045286759830188927e+00
9.977757177957041756e-01
9.990454558245802641e-01
9.904989103477083168e-01
9.623770202633467052e-01
9.244287269401780804e-01
9.157409742202453629e-01
9.362937084217637373e-01
9.079668783418083366e-01
9.186604352588769729e-01
9.292943329353292592e-01
9.008285276197028901e-01
9.016029780489024370e-01
8.925976454502659863e-01
9.225324935435061935e-01
8.938974885425263750e-01
9.139625991571127539e-01
9.437877965944996284e-01
9.442630545608123871e-01
9.642183492623830343e-01
9.645936594069414172e-01
9.453889662046813802e-01
9.456642533692019015e-01
9.751895071183215302e-01
9.558247161747693843e-01
9.071298717667488631e-01
9.657949676283774654e-01
9.365200000000000191e-01
9.462649676283774181e-01
9.168898717667488540e-01
9.265347161747694571e-01
9.361195071183217031e-01
9.261342533692019652e-01
9.258589662046815549e-01
9.548236594069414718e-01
9.642183492623831453e-01
9.442630545608124981e-01
9.730877965944996211e-01
9.823225991571127302e-01
9.426874885425264861e-01
9.518224935435061207e-01
9.804476454502660809e-01
9.699629780489024133e-01
9.398885276197028737e-01
9.488243329353293065e-01
9.186604352588770839e-01
8.688768783418083785e-01
9.265237084217637920e-01
9.841009742202454502e-01
9.732587269401780095e-01
9.526070202633469819e-01
9.807359103477084616e-01
9.892784558245802939e-01
9.880087177957042055e-01
9.476267598301892914e-01
9.071986479613267651e-01
8.765214506832865737e-01
9.043152389476861730e-01
9.125600861600401403e-01
8.523760681760832458e-01
8.605632632979748342e-01
8.881917522703761669e-01
8.767216182764113741e-01
8.944929469334992334e-01
9.024458262890684423e-01
8.908303468161505867e-01
8.693966014088495564e-01
8.967346853776898552e-01
9.240346964448460376e-01
8.633967347392508263e-01
6.464709027915819251e-01
6.443273055291264262e-01
1.198736050270531983e+00
2.036497246720429644e+00
2.180211006963945319e+00
1.602077445461083993e+00
9.453796790410047279e-01
7.671688268961662782e-01
8.134940105763623919e-01
7.914723539826371557e-01
7.987039833610812822e-01
8.155890272965098386e-01
7.934276167060260176e-01
7.614198848324684743e-01
7.683659672377388672e-01
7.948660017960138546e-01
7.823201286868436410e-01
7.989284903881355149e-01
8.252812316690190109e-01
7.735084995825971532e-01
7.899804434585853130e-01
8.552572148958371701e-01
8.326089677547504619e-01
8.392158581495681169e-01
8.457680444405613063e-01
8.718156872260990342e-01
8.587589493346092784e-01
8.847109958164289800e-01
9.008529939355390814e-01
8.778971131611885692e-01
9.232515251594125560e-01
9.587954037844391708e-01
9.357059250699805153e-01
9.223432672204264771e-01
9.382276106019155071e-01
9.442991377333117553e-01
9.405680332770607333e-01
9.465244840299508189e-01
9.427086789137543166e-01
9.095908089657764872e-01
9.154610673292841172e-01
8.919896492438424973e-01
8.391767520355345455e-01
8.351525751070879577e-01
8.213203199278855671e-01
7.879211900238862754e-01
7.447043909674273543e-01
7.307571303669410101e-01
7.460596178565527259e-01
7.124920650855902649e-01
7.179546857079882605e-01
7.233676953715904023e-01
6.896913117073506516e-01
6.852657543184398348e-01
6.710712447692535054e-01
6.958280065743170928e-01
6.620262651870922888e-01
6.769362479886977813e-01
7.016181842765164545e-01
6.969623052527246232e-01
7.117988440127078764e-01
7.070680355334004741e-01
6.827701166615131045e-01
6.779653261016785892e-01
7.024239044045039737e-01
6.780060939545247134e-01
6.242721389580672131e-01
6.779122854310257740e-01
6.436267811865471478e-01
6.483758758226226826e-01
6.140198207095892702e-01
6.186988689775464456e-01
6.233332755036881112e-01
6.084132968995330515e-01
6.032191914980864489e-01
6.272812193409028625e-01
6.317896421650649463e-01
6.069647233900815619e-01
6.309367281047030263e-01
6.353359230536467228e-01
5.908825766242398192e-01
5.952169588329849770e-01
6.190593413120454303e-01
6.038099972956423311e-01
5.689892016063732294e-01
5.731972306414552243e-01
5.383243623588921389e-01
4.838508762635481686e-01
5.368270533931663868e-01
5.897531763042865860e-01
5.742795290581115264e-01
5.490163972062733766e-01
5.725540677765488251e-01
5.765258292584786171e-01
5.707059715889351015e-01
5.257947861375953380e-01
4.808585656923637375e-01
4.456946044447097077e-01
4.690231979749357460e-01
4.728246432373823804e-01
4.082192385455656325e-01
4.120072835572315406e-01
4.352590792593661329e-01
4.194349279531156549e-01
4.328751332386567841e-01
4.365199999999997971e-01
4.206198343897217251e-01
3.949249438136342993e-01
4.180256369154043972e-01
4.411122235610897002e-01
3.762850148236374648e-01
1.551943229672986813e-01
1.489104614320068132e-01
6.992037448176745551e-01
1.532874488868448459e+00
1.672523010456903991e+00
1.090349627568178770e+00
4.296376592840490116e-01
2.474384257669584586e-01
2.898012482439922821e-01
2.638434489907919844e-01
2.671653513154175208e-01
2.801672795421640827e-01
2.541495589953282064e-01
2.183125159829173711e-01
2.214564777803097184e-01
2.441817726138731381e-01
2.278887296445367971e-01
2.407776789513010329e-01
2.634389515147229632e-01
2.080028792003413562e-01
2.208397947420586149e-01
2.825100317254857218e-01
2.562839245712446590e-01
2.593418085182225274e-01
2.623740196067844699e-01
2.849308946619532601e-01
2.684127712765496665e-01
2.909329877942875009e-01
3.036728832928310418e-01
2.773447975668229537e-01
3.193570711108771887e-01
3.515890451025208141e-01
3.252180613851261004e-01
3.086044624507829903e-01
3.212685914231658835e-01
3.241507920403414733e-01
3.172614086375734610e-01
3.200907861300694712e-01
3.131792699957271497e-01
2.769972062578236471e-01
2.798349414677062108e-01
2.533628226874282130e-01
1.975811974723856723e-01
1.906204138539119297e-01
1.738838203218498191e-01
1.376127658071100712e-01
9.155659966419855966e-02
7.480267165373122307e-02
8.733133192491998598e-02
5.102293099803723031e-02
5.377781974687761979e-02
5.651634938118837992e-02
2.019887142907345057e-02
1.316573771941573212e-02
-3.602699635749620488e-03
1.861391174113287417e-02
-1.769407552449024645e-02
-5.256308576947921196e-03
1.698756565199518315e-02
9.927900425467629797e-03
2.239504918379284226e-02
1.532936552680658204e-02
-1.126879680385123317e-02
-1.833908394245185869e-02
3.888858083116744635e-03
-2.272461666637516295e-02
-7.861915405923750044e-02
-2.710439991056678641e-02
-6.347999999999963394e-02
-6.078560008943248438e-02
-9.716084594076176972e-02
-9.446538333362232420e-02
-9.177885808311778137e-02
-1.086109160575474131e-01
-1.156812031961480247e-01
-9.345936552680762788e-02
-9.075504918379212471e-02
-1.173479004254668889e-01
-9.510756565199268708e-02
-9.240369142304957761e-02
-1.385159244755090058e-01
-1.358039117411321550e-01
-1.135473003642496481e-01
-1.303457377194167655e-01
-1.666788714290727280e-01
-1.639463493811858796e-01
-2.002578197468786736e-01
-2.561329309980365232e-01
-2.045213319249192807e-01
-1.529226716537304964e-01
-1.696865996641978014e-01
-1.962027658071093250e-01
-1.738808203218473181e-01
-1.710874138539111855e-01
-1.780481974723867045e-01
-2.240628226874274986e-01
-2.700649414677054883e-01
-3.062572062578246546e-01
-2.839192699957246990e-01
-2.810707861300687505e-01
-3.465914086375709857e-01
-3.436807920403407435e-01
-3.212685914231651618e-01
-3.378944624507822514e-01
-3.252180613851254343e-01
-3.222990451025218306e-01
-3.388870711108747935e-01
-3.652317975668222250e-01
-3.427428832928303137e-01
-3.202299877942867412e-01
-3.855927712765506721e-01
-6.071808946619525749e-01
-6.139240196067821120e-01
-6.405180851822178667e-02
7.692360754287560498e-01
9.085399682745151084e-01
3.260602052579420485e-01
-3.349198792003406089e-01
-5.173489515147239315e-01
-4.751776789513019739e-01
-5.012887296445345253e-01
-4.980817726138724311e-01
-4.851564777803074047e-01
-5.112125159829166154e-01
-5.470495589953292548e-01
-5.438672795421634065e-01
-5.210653513154152039e-01
-5.372434489907912392e-01
-5.242012482439916132e-01
-5.013484257669578170e-01
-5.565546592840483475e-01
-5.434496275681780508e-01
-4.814730104569048819e-01
-5.073544888684461407e-01
-5.039137448176722600e-01
-5.004604614320061762e-01
-4.774443229672980515e-01
-4.934650148236368050e-01
-4.704092235610905504e-01
-4.570956369154022259e-01
-4.828119438136336261e-01
-4.401498343897211063e-01
-4.072299999999991482e-01
-4.328751332386561179e-01
-4.487249279531134727e-01
-4.352590792593654667e-01
-4.315372835572324206e-01
-4.375492385455634903e-01
-4.338046432373817152e-01
-4.397631979749351827e-01
-4.749546044447090498e-01
-4.710885656923645692e-01
-4.964947861375962335e-01
-5.511729715889329695e-01
-5.569928292584780394e-01
-5.725510677765482948e-01
-6.076063972062727414e-01
-6.524095290581110040e-01
-6.678731763042859981e-01
-6.540170533931657371e-01
-6.889608762635490713e-01
-6.848043623588900841e-01
-6.806272306414546946e-01
-7.154692016063726179e-01
-7.209899972956418379e-01
-7.362093413120462948e-01
-7.124069588329857705e-01
-7.470925766242378918e-01
-7.329959230536462478e-01
-7.090567281047025494e-01
-7.143847233900810778e-01
-7.001496421650643676e-01
-7.054112193409023401e-01
-7.301691914980872333e-01
-7.353632968995338359e-01
-7.112232755036863585e-01
-7.358888689775459069e-01
-7.897998207095887624e-01
-7.362658758226222622e-01
-7.705867811865478867e-01
-7.658022854310252425e-01
-8.000521389580655951e-01
-7.951960939545241747e-01
-7.903139044045035533e-01
-8.049153261016780414e-01
-8.097201166615125567e-01
-7.851980355334000627e-01
-7.801588440127085189e-01
-8.043823052527242501e-01
-7.797381842765160886e-01
-7.745962479886974172e-01
-8.182362651870919157e-01
-8.130180065743166651e-01
-7.882212447692542590e-01
-8.024457543184383423e-01
-8.361713117073491519e-01
-8.307976953715899837e-01
-8.644346857079877600e-01
-9.176020650855898353e-01
-8.632496178565522982e-01
-8.088771303669405333e-01
-8.228343909674280532e-01
-8.465111900238848630e-01
-8.213173199278851477e-01
-8.156195751070874911e-01
-8.196437520355340789e-01
-8.626896492438421715e-01
-9.056910673292846159e-01
-9.388508089657752187e-01
-9.134486789137539198e-01
-9.075044840299503202e-01
-9.698980332770602564e-01
-9.638291377333113585e-01
-9.382276106019150630e-01
-9.516332672204261822e-01
-9.357059250699810704e-01
-9.295054037844378003e-01
-9.427815251594120483e-01
-9.657841131611882846e-01
-9.399229939355386865e-01
-9.140079958164294416e-01
-9.759389493346098954e-01
-1.194065687226097960e+00
-1.197318044440561113e+00
-6.439258581495678202e-01
1.929110322452498583e-01
3.357927851041632161e-01
-2.430804434585849272e-01
-9.004254995825968777e-01
-1.079191231669018647e+00
-1.033328490388135235e+00
-1.055720128686843395e+00
-1.048766001796013425e+00
-1.032065967237738580e+00
-1.054319884832468857e+00
-1.086327616706024957e+00
-1.079289027296508996e+00
-1.052603983361080964e+00
-1.064872353982636799e+00
-1.047894010576362112e+00
-1.021078826896165914e+00
-1.072296679041004452e+00
-1.055177445461084274e+00
-9.891610069639450442e-01
-1.010977246720429434e+00
-1.003446050270531797e+00
-9.958773055291262333e-01
-9.687209027915817394e-01
-9.805767347392512212e-01
-9.533316964448452779e-01
-9.358046853776891272e-01
-9.572836014088493828e-01
-9.103603468161504120e-01
-8.731558262890682931e-01
-8.944929469334990113e-01
-9.060116182764111903e-01
-8.881917522703763890e-01
-8.800932632979741044e-01
-8.817060681760829910e-01
-8.735400861600399747e-01
-8.750552389476859982e-01
-9.057814506832865264e-01
-8.974286479613268197e-01
-9.183267598301888546e-01
-9.684757177957040719e-01
-9.697454558245800493e-01
-9.807329103477083754e-01
-1.011197020263346902e+00
-1.051388726940178042e+00
-1.062220974220245306e+00
-1.043713708421763586e+00
-1.073986878341808060e+00
-1.065140435258876916e+00
-1.056254332935329332e+00
-1.086368527619702817e+00
-1.087142978048902364e+00
-1.097597645450266057e+00
-1.069012493543506137e+00
-1.098897488542526446e+00
-1.079982599157112588e+00
-1.051207796594499699e+00
-1.051683054560812458e+00
-1.032578349262383011e+00
-1.032953659406941505e+00
-1.052808966204681340e+00
-1.053084253369201972e+00
-1.024009507118321505e+00
-1.043724716174769362e+00
-1.092669871766748901e+00
-1.034154967628377442e+00
-1.063479999999999981e+00
-1.053684967628377489e+00
-1.082909871766748910e+00
-1.073014716174769401e+00
-1.063079507118321665e+00
-1.072614253369202020e+00
-1.072338966204681610e+00
-1.042723659406941339e+00
-1.032578349262383233e+00
-1.051683054560812458e+00
-1.021907796594499818e+00
-1.011622599157112834e+00
-1.050107488542526557e+00
-1.039722493543506099e+00
-1.009747645450266296e+00
-1.018782978048902610e+00
-1.047308527619702945e+00
-1.036724332935329507e+00
-1.065140435258876916e+00
-1.113076878341808351e+00
-1.053483708421763865e+00
-9.938609742202451081e-01
-1.002558726940178335e+00
-1.020967020263346958e+00
-9.904959103477084525e-01
-9.795124558245803525e-01
-9.782427177957042641e-01
-1.015986759830189046e+00
-1.053678647961327153e+00
-1.081521450683286645e+00
-1.050795238947686228e+00
-1.039520086160040213e+00
-1.096576068176083218e+00
-1.085163263297974856e+00
-1.054211752270376223e+00
-1.062261618276411301e+00
-1.040972946933499177e+00
-1.029405826289068404e+00
-1.037310346816150641e+00
-1.054936601408849484e+00
-1.023694685377689373e+00
-9.923946964448455699e-01
-1.048936734739251309e+00
-1.261670902791582005e+00
-1.259527305529126950e+00
-7.007360502705320959e-01
1.415027532795702925e-01
2.897889930360548760e-01
-2.836774454610840879e-01
-9.356136790410047865e-01
-1.108968826896166382e+00
-1.057694010576362365e+00
-1.074672353982637274e+00
-1.062303983361081228e+00
-1.040189027296509083e+00
-1.057027616706026629e+00
-1.083619884832469182e+00
-1.071165967237738936e+00
-1.039066001796014049e+00
-1.045920128686843587e+00
-1.023528490388135426e+00
-9.913012316690190673e-01
-1.037108499582596322e+00
-1.014580443458585446e+00
-9.431572148958373702e-01
-9.595689677547505347e-01
-9.466358581495690760e-01
-9.336680444405615065e-01
-9.011156872260983608e-01
-9.075789493346102521e-01
-8.749449958164299268e-01
-8.520329939355391069e-01
-8.681311131611887388e-01
-8.158315251594124851e-01
-7.732554037844382444e-01
-7.892259250699806827e-01
-7.953832672204266263e-01
-7.722076106019164499e-01
-7.587591377333118281e-01
-7.550280332770606950e-01
-7.415244840299508589e-01
-7.377086789137543565e-01
-7.631108089657756555e-01
-7.494410673292850600e-01
-7.650296492438426466e-01
-8.098767520355344418e-01
-8.058525751070879650e-01
-8.115543199278857367e-01
-8.367411900238864719e-01
-8.716643909674274271e-01
-8.772371303669409537e-01
-8.534796178565529079e-01
-8.785120650855904323e-01
-8.644346857079883151e-01
-8.503276953715904751e-01
-8.752313117073495796e-01
-8.708057543184388738e-01
-8.760712447692547977e-01
-8.423080065743171474e-01
-8.670262651870935811e-01
-8.429562479886979487e-01
-8.090381842765166365e-01
-8.043823052527248052e-01
-7.801588440127079638e-01
-7.754280355334005614e-01
-7.901901166615131755e-01
-7.853853261016787712e-01
-7.512439044045041703e-01
-7.659060939545248026e-01
-8.098121389580661411e-01
-7.462722854310245291e-01
-7.705867811865484418e-01
-7.557958758226228646e-01
-7.800398207095893266e-01
-7.651788689775465002e-01
-7.502932755036868517e-01
-7.548932968995331061e-01
-7.496991914980877247e-01
-7.151812193409030627e-01
-7.001496421650650337e-01
-7.143847233900817439e-01
-6.797567281047032228e-01
-6.646359230536469376e-01
-6.983025766242385579e-01
-6.831169588329865094e-01
-6.483593413120469773e-01
-6.526299972956425277e-01
-6.764092016063733004e-01
-6.610972306414554245e-01
-6.848043623588907503e-01
-7.280508762635482523e-01
-6.637870533931663486e-01
-5.995131763042866879e-01
-6.035795290581117412e-01
-6.173763972062734640e-01
-5.823140677765489270e-01
-5.667598292584787867e-01
-5.609399715889338278e-01
-5.941547861375968687e-01
-6.273385656923652354e-01
-6.506946044447098343e-01
-6.155031979749358007e-01
-5.997846432373824532e-01
-6.524192385455641618e-01
-6.366072835572316180e-01
-6.012790792593663003e-01
-6.049749279531158042e-01
-5.793551332386568387e-01
-5.634799999999998699e-01
-5.670998343897218907e-01
-5.804649438136344486e-01
-5.449856369154029156e-01
-5.094722235610913419e-01
-5.618250148236375585e-01
-7.703943229672987059e-01
-7.641104614320068933e-01
-2.012037448176730581e-01
6.451255111315514768e-01
7.974769895430959821e-01
2.280503724318211911e-01
-4.198716592840490702e-01
-5.892384257669585068e-01
-5.340012482439924213e-01
-5.470434489907920472e-01
-5.307653513154160230e-01
-5.047672795421626057e-01
-5.177495589953300392e-01
-5.405125159829174963e-01
-5.242564777803098153e-01
-4.883817726138732218e-01
-4.914887296445352716e-01
-4.653776789513011658e-01
-4.294589515147246850e-01
-4.716028792003414960e-01
-4.454397947420587478e-01
-3.704100317254858110e-01
-3.832439245712447318e-01
-3.667618085182225984e-01
-3.502740196067828382e-01
-3.142308946619550847e-01
-3.172327712765514729e-01
-2.811669877942875595e-01
-2.548528832928311783e-01
-2.675787975668230123e-01
-2.119370711108756467e-01
-1.660490451025209424e-01
-1.787380613851262401e-01
-1.816444624507830841e-01
-1.552485914231659936e-01
-1.386107920403416016e-01
-1.317214086375735893e-01
-1.150907861300696083e-01
-1.081792699957255383e-01
-1.305172062578254799e-01
-1.138149414677063209e-01
-1.264028226874283067e-01
-1.682811974723875670e-01
-1.613204138539120480e-01
-1.641178203218481846e-01
-1.864327658071084359e-01
-2.185165996641986741e-01
-2.212826716537331095e-01
-1.947513319249201402e-01
-2.170429309980373422e-01
-2.002578197468795063e-01
-1.834763493811867319e-01
-2.057388714290718235e-01
-1.987057377194176300e-01
-2.013973003642504922e-01
-1.650939117411329982e-01
-1.873059244755098662e-01
-1.607636914230504144e-01
-1.244075656519953166e-01
-1.173479004254677494e-01
-9.075504918379297126e-02
-8.368936552680848739e-02
-9.615120319614889333e-02
-8.908091605754826781e-02
-5.270885808311864817e-02
-6.517538333362318803e-02
-1.069208459407608586e-01
-4.125560008943333912e-02
