0.051234
0.0096197
0.010611
0.065545
0.10879
0.08296
0.039811
0.041287
0.05443
0.036648
0.014204
0.020906
0.050569
0.083728
0.10406
0.1026
0.094533
0.095204
0.080943
0.037573
0.019035
0.061901
0.10189
0.076711
0.024557
0.0037083
0.016004
0.04168
0.065856
0.07632
0.081324
0.089856
0.075152
0.025876
-0.0010668
0.037229
0.09852
0.12404
0.099969
0.046827
0.01209
0.028855
0.067595
0.083257
0.075592
0.060832
0.035945
0.0047171
0.0010384
0.039929
0.077975
0.072936
0.040282
0.015906
0.01533
0.038105
0.075411
0.10722
0.10744
0.07038
0.024151
0.0030835
0.026803
0.082766
0.11431
0.082057
0.018983
-0.019171
-0.0034798
0.056875
0.10736
0.10064
0.05361
0.011565
0.0017373
0.028762
0.075813
0.11187
0.10852
0.063394
0.010927
-0.010038
0.013623
0.0644
0.097535
0.081797
0.036369
0.0013051
0.0040692
0.044346
0.08413
0.085467
0.0522
0.012934
-0.0055058
0.009644
0.050967
0.092669
0.097732
0.054553
0.0058166
-0.0020488
0.031362
0.077496
0.10272
0.088283
0.048983
0.016551
0.015815
0.048658
0.086632
0.097072
0.071329
0.025885
-0.0050841
0.0032897
0.043507
0.08653
0.10047
0.073512
0.030118
0.0060771
0.019631
0.062619
0.10352
0.1115
0.076497
0.01831
-0.010356
0.022176
0.079067
0.10606
0.086735
0.03753
-0.0043248
-0.0066164
0.03257
0.086667
0.1108
0.082281
0.036242
0.019347
0.041527
0.08331
0.10854
0.092248
0.05062
0.017987
0.014976
0.042132
0.081893
0.10787
0.097619
0.053544
0.013812
0.013205
0.050333
0.096607
0.10919
0.069127
0.015289
-0.0036131
0.021064
0.066839
0.096136
0.083192
0.04055
0.0019912
-0.0023976
0.03331
0.079885
0.099974
0.076159
0.021811
-0.015189
0.001353
0.051101
0.090647
0.097567
0.070991
0.024312
-0.015983
-0.015942
0.031111
0.081053
0.089461
0.05937
0.021096
0.010011
0.040774
0.082088
0.095435
0.08218
0.064652
0.057622
0.070934
0.11478
0.17677
0.2088
0.17869
0.11077
0.051079
0.034395
0.062479
0.085641
0.058918
0.0015442
-0.042561
-0.053124
-0.030962
0.0096771
0.042485
0.038361
-0.0065478
-0.054818
-0.067005
-0.035816
0.016022
0.040783
0.0098817
-0.037896
-0.054233
-0.045856
-0.036577
-0.018869
0.016743
0.053556
0.088289
0.16278
0.30371
0.46416
0.57699
0.6305
0.62565
0.50772
0.27538
0.09248
0.081178
0.11901
0.062919
-0.02538
-0.044725
-0.010905
0.025227
0.042544
0.031542
-0.0027853
-0.038809
-0.051864
-0.031737
0.016043
0.066563
0.071348
0.01317
-0.047121
-0.04751
0.00075276
0.052193
0.071469
0.046471
8.5017e-005
-0.030604
-0.022645
0.018705
0.055077
0.052496
0.017503
-0.019212
-0.024562
0.012291
0.060531
0.080563
0.060129
0.015372
-0.015751
-0.0044731
0.040434
0.086722
0.10091
0.071822
0.026916
0.004838
0.024916
0.077025
0.12224
0.12618
0.089038
0.03942
0.022509
0.059688
0.11344
0.13403
0.11155
0.065637
0.027491
0.02223
0.050261
0.088764
0.1052
0.082417
0.034967
-0.0053662
-0.0046128
0.042007
0.085728
0.080465
0.038339
-0.0012228
-0.0074128
0.027341
0.07677
0.10374
0.089528
0.043361
0.0021246
-0.0015407
0.03125
0.073505
0.088367
0.058317
0.0083117
-0.022321
-0.011365
0.03449
0.076321
0.078398
0.043225
-0.00030991
-0.016331
0.011383
0.059116
0.088586
0.076471
0.02851
-0.014419
-0.015069
0.022649
0.06764
0.083999
0.055849
0.0064891
-0.02564
-0.015509
0.032574
0.078731
0.084556
0.049337
0.0010682
-0.020306
0.0058566
0.055596
0.088178
0.07882
0.032393
-0.010688
-0.012391
0.025397
0.072931
0.093099
0.067968
0.020654
-0.010511
-0.0027266
0.039048
0.079109
0.083148
0.0492
0.0025276
-0.015852
0.015034
0.065524
0.091681
0.076547
0.032051
-0.0076179
-0.011797
0.023275
0.073532
0.093048
0.057678
0.0043098
-0.017382
0.002043
0.043211
0.078878
0.085713
0.055367
0.0055724
-0.017044
0.01485
0.06872
0.096192
0.08051
0.035366
-0.0043603
-0.0075104
0.030442
0.084598
0.10596
0.068244
0.0088644
-0.019449
-0.0013492
0.046431
0.089031
0.095609
0.063215
0.015463
-0.0089747
0.011455
0.055889
0.086827
0.080602
0.040176
0.0011556
-0.0019419
0.030339
0.072104
0.090513
0.069031
0.025091
-0.0078455
-0.00093727
0.046516
0.090949
0.091005
0.053366
0.011216
-0.002514
0.024442
0.066565
0.087539
0.07356
0.035526
0.0029375
0.0017271
0.032863
0.074655
0.094367
0.074098
0.030026
-0.0052417
-0.0032983
0.038174
0.081689
0.088476
0.056705
0.012026
-0.0088676
0.013806
0.060425
0.094011
0.086489
0.038441
-0.007026
-0.0088312
0.026084
0.065239
0.083193
0.069919
0.0333
-0.001905
0.00072792
0.050584
0.10108
0.10417
0.062339
0.0092874
-0.013963
0.012187
0.060638
0.088992
0.076459
0.031786
-0.0053618
-0.0008476
0.036645
0.07494
0.087424
0.065564
0.025061
-0.0051028
0.003264
0.05127
0.095416
0.094496
0.055324
0.011188
-0.0062102
0.015921
0.0586
0.088524
0.082513
0.042571
0.00090065
-0.0090469
0.021135
0.07151
0.097317
0.071159
0.02101
-0.0084814
0.0020663
0.043225
0.079775
0.080056
0.04653
0.0062145
-0.0067337
0.022764
0.070914
0.10029
0.088935
0.042846
0.00089245
-0.0015373
0.032297
0.073426
0.088294
0.062166
0.016643
-0.012598
-0.00081139
0.047802
0.089923
0.086665
0.046843
0.004947
-0.0081881
0.017966
0.062925
0.092807
0.083318
0.037531
-0.0053357
-0.0080613
0.027953
0.074264
0.095594
0.074099
0.028435
-0.0059687
-0.001323
0.042587
0.087429
0.094198
0.061011
0.014041
-0.0089742
0.012274
0.057732
0.089992
0.080665
0.031314
-0.011382
-0.0051748
0.038089
0.080223
0.092864
0.068114
0.024284
-0.0071369
0.00047669
0.046261
0.089589
0.091439
0.053806
0.0063986
-0.013021
0.013516
0.06147
0.09134
0.081444
0.038221
-0.0012497
-0.0027756
0.032105
0.075902
0.093318
0.067353
0.020561
-0.009841
-0.0020698
0.038907
0.080467
0.089317
0.056599
0.002707
-0.024478
0.0041337
0.058116
0.08936
0.078142
0.034928
-0.0039169
-0.005665
0.028364
0.071154
0.087405
0.060612
0.01473
-0.012523
-0.00040109
0.044166
0.085046
0.088301
0.052524
0.0035978
-0.018021
0.0090864
0.059757
0.092292
0.083953
0.040617
-0.0025195
-0.010595
0.022863
0.074885
0.099692
0.070697
0.018322
-0.010769
0.00090043
0.041941
0.080037
0.085266
0.054844
0.011008
-0.0095977
0.012748
0.056026
0.083176
0.071995
0.027712
-0.010806
-0.0085479
0.029101
0.071515
0.0851
0.056166
0.0098569
-0.016547
-0.0061628
0.032437
0.071076
0.081452
0.053098
0.002818
-0.024048
0.0016993
0.055996
0.094678
0.089241
0.042083
-0.0028
-0.0038254
0.031438
0.06965
0.08516
0.06871
0.031039
-0.0020656
0.0010442
0.04611
0.090041
0.090427
0.052577
0.0090578
-0.0042197
0.026998
0.072086
0.090144
0.072589
0.03523
-0.00021021
-0.013295
0.010429
0.059874
0.087279
0.060642
0.0086576
-0.021986
-0.0095798
0.036458
0.074386
0.068005
0.026156
-0.016664
-0.028627
0.00092283
0.050287
0.083399
0.072872
0.021197
-0.028043
-0.032578
0.0077803
0.062677
0.092432
0.075036
0.029238
-0.0067795
-0.0042276
0.039002
0.093447
0.12344
0.10948
0.065346
0.048912
0.097247
0.16856
0.19961
0.16474
0.07978
0.00080977
-0.022833
0.00026011
0.030429
0.03708
0.009863
-0.037293
-0.074148
-0.067571
-0.014663
0.035259
0.034468
-0.012302
-0.068105
-0.088833
-0.05474
-0.0015658
0.021525
0.00872
-0.022991
-0.065866
-0.10386
-0.09249
-0.013905
0.078672
0.1364
0.18325
0.26367
0.383
0.51254
0.61955
0.65829
0.54279
0.27008
0.037921
0.0087525
0.074509
0.07375
0.020772
-0.016915
-0.038319
-0.051051
-0.036474
0.0034951
0.028354
0.0080682
-0.040598
-0.079778
-0.071885
-0.012106
0.042725
0.039129
-0.0064613
-0.047854
-0.057983
-0.031525
0.016948
0.05745
0.057151
0.011157
-0.039234
-0.050227
-0.015583
0.03899
0.06596
0.038145
-0.00995
-0.029878
-0.014167
0.01908
0.048654
0.056346
0.035548
-0.00033922
-0.018622
0.00081636
0.040287
0.067795
0.063614
0.030787
-0.0012119
-0.0027714
0.032129
0.08363
0.10887
0.083201
0.03796
0.017843
0.034492
0.072784
0.10476
0.10612
0.072343
0.023203
-0.00076224
0.02282
0.066687
0.088693
0.069171
0.017808
-0.025948
-0.027101
0.010557
0.056919
0.07814
0.058179
0.013917
-0.020991
-0.016815
0.028306
0.074023
0.079177
0.041601
-0.011131
-0.036809
-0.012836
0.032658
0.056694
0.043203
0.0030978
-0.032226
-0.034532
-0.0043592
0.035587
0.056824
0.044317
0.009884
-0.019695
-0.017754
0.019229
0.055726
0.056181
0.022576
-0.018329
-0.033049
-0.0062882
0.039036
0.0664
0.053535
0.0063993
-0.034173
-0.031699
0.0077583
0.052155
0.068231
0.042289
-0.0046549
-0.036963
-0.029445
0.015599
0.060642
0.068595
0.037982
-0.0058307
-0.026749
-0.0054173
0.037696
0.066724
0.060187
0.021987
-0.015212
-0.019358
0.011906
0.055573
0.075629
0.052211
0.0052686
-0.028595
-0.023187
0.020143
0.063792
0.069952
0.035695
-0.013271
-0.035543
-0.0086807
0.040802
0.070363
0.059278
0.015408
-0.025024
-0.028504
0.0038086
0.045624
0.064363
0.043925
0.0018153
-0.028931
-0.022134
0.022156
0.066387
0.072742
0.040869
-0.0031364
-0.026556
-0.011394
0.030684
0.068808
0.067775
0.020381
-0.028641
-0.032857
0.0076987
0.061288
0.085074
0.057117
0.0059964
-0.023848
-0.013574
0.027096
0.066286
0.073353
0.04208
-0.0068295
-0.030595
-0.004458
0.042573
0.066925
0.055113
0.019333
-0.014371
-0.021482
0.0056092
0.050291
0.073046
0.049913
0.0043305
-0.024113
-0.012643
0.032993
0.07303
0.071108
0.032294
-0.012403
-0.029789
-0.0055189
0.040876
0.074424
0.068399
0.023498
-0.021892
-0.029394
0.002854
0.048837
0.070883
0.04866
0.0041064
-0.02489
-0.016112
0.025757
0.066899
0.073591
0.04054
-0.0095581
-0.033341
-0.0058204
0.04542
0.076358
0.067587
0.027783
-0.010515
-0.016499
0.014144
0.059098
0.076493
0.043966
-0.0070608
-0.031582
-0.015134
0.02815
0.065669
0.068723
0.03478
-0.012867
-0.034158
-0.0073865
0.042528
0.07446
0.065911
0.022524
-0.02023
-0.027625
0.0032956
0.048546
0.071772
0.052311
0.006614
-0.030169
-0.02563
0.023225
0.070365
0.070764
0.030806
-0.014718
-0.032747
-0.0097232
0.034662
0.065918
0.059665
0.018205
-0.022208
-0.026045
0.0086609
0.056507
0.077699
0.051179
0.0032686
-0.024966
-0.01379
0.028389
0.06426
0.061291
0.027239
-0.0080917
-0.019941
3.6809e-005
0.037953
0.066881
0.062123
0.021895
-0.022703
-0.037316
-0.0099081
0.042289
0.070923
0.045012
-0.0043287
-0.02907
-0.013143
0.030001
0.066672
0.066962
0.029755
-0.019609
-0.040809
-0.012608
0.039989
0.075342
0.068773
0.024689
-0.018272
-0.023273
0.0075933
0.046896
0.064154
0.044967
0.005871
-0.022506
-0.017159
0.02088
0.058014
0.061106
0.029969
-0.011296
-0.029507
-0.0076416
0.035132
0.064763
0.057447
0.015512
-0.023626
-0.024217
0.011014
0.054068
0.073675
0.054557
0.010323
-0.028148
-0.027477
0.017747
0.062171
0.061318
0.021901
-0.021443
-0.034507
-0.0044764
0.042023
0.066598
0.053208
0.012348
-0.024162
-0.027707
0.0045465
0.050165
0.069304
0.04068
-0.0078786
-0.034491
-0.022446
0.017705
0.054845
0.059892
0.027064
-0.022509
-0.044461
-0.013724
0.039186
0.068113
0.054557
0.009983
-0.02862
-0.028805
0.007352
0.052107
0.068829
0.040954
-0.0039657
-0.026286
-0.011252
0.029391
0.065263
0.068689
0.034565
-0.016072
-0.040658
-0.014649
0.03589
0.067647
0.057197
0.010569
-0.034457
-0.041276
-0.0085145
0.037793
0.062222
0.045064
0.001413
-0.034973
-0.03226
0.013596
0.061115
0.067601
0.033065
-0.013395
-0.034206
-0.010277
0.036217
0.066558
0.055905
0.0080325
-0.038781
-0.046886
-0.013082
0.036795
0.060193
0.034028
-0.013094
-0.037781
-0.023561
0.018008
0.054019
0.055138
0.021383
-0.022327
-0.040633
-0.015256
0.035976
0.076966
0.073353
0.021439
-0.029209
-0.030962
0.0059455
0.044086
0.056524
0.035092
-0.0024579
-0.027099
-0.022843
0.006184
0.040818
0.057678
0.037064
-0.01439
-0.047438
-0.025931
0.023506
0.054142
0.042997
-0.0030185
-0.044418
-0.044994
-0.010574
0.028187
0.042266
0.020192
-0.021918
-0.053616
-0.047408
-0.0025627
0.039909
0.040554
0.0028274
-0.042096
-0.057426
-0.026441
0.027467
0.064432
0.058419
0.013029
-0.033729
-0.04216
-0.00018277
0.070727
0.11553
0.10002
0.060368
0.048672
0.076545
0.12234
0.14105
0.10175
0.029323
-0.030522
-0.059389
-0.058745
-0.032716
0.00068438
0.0011465
-0.045939
-0.090264
-0.083345
-0.042173
-0.0091393
-0.0074628
-0.038722
-0.082783
-0.10944
-0.099422
-0.058731
-0.01473
0.00032896
-0.039006
-0.1195
-0.16229
-0.10688
0.011545
0.12803
0.21776
0.28796
0.35801
0.44069
0.54067
0.62066
0.55811
0.30462
0.040024
-0.054082
-0.027966
-0.0024716
0.0070376
0.013097
-0.010886
-0.067665
-0.10473
-0.084948
-0.032987
0.0042926
-0.0025874
-0.050846
-0.091382
-0.080685
-0.037778
-0.0046982
0.0033169
-0.011178
-0.043236
-0.075084
-0.071238
-0.021145
0.029176
0.032868
-0.0075526
-0.05872
-0.078397
-0.046567
0.0048691
0.030838
0.018967
-0.016046
-0.04741
-0.051108
-0.020432
0.027097
0.050654
0.026213
-0.018098
-0.040259
-0.027603
0.0082976
0.045109
0.060303
0.040515
-0.002744
-0.023387
0.0081423
0.058168
0.079155
0.062851
0.027037
-0.0044664
-0.010789
0.016656
0.062388
0.084143
0.055736
0.0024669
-0.033271
-0.028948
0.0094537
0.046044
0.046053
0.0073843
-0.044352
-0.069611
-0.046447
0.0040614
0.042585
0.04087
-0.00063435
-0.042815
-0.046839
-0.012904
0.031133
0.047884
0.019121
-0.029138
-0.057075
-0.047142
-0.0081368
0.027848
0.031005
0.0013968
-0.038244
-0.060718
-0.050695
-0.013406
0.026892
0.031471
-0.012805
-0.06101
-0.065202
-0.027613
0.019712
0.039301
0.013629
-0.031352
-0.056147
-0.043397
-0.0027176
0.031399
0.029016
-0.0048897
-0.043061
-0.057933
-0.037814
0.0034004
0.037125
0.034912
-0.0066009
-0.049712
-0.055711
-0.022649
0.023641
0.04375
0.016782
-0.03023
-0.055903
-0.044928
-0.0071787
0.031503
0.044644
0.021943
-0.022531
-0.052696
-0.042975
-0.0037663
0.033686
0.03513
-0.0075872
-0.053464
-0.058821
-0.023883
0.022518
0.043551
0.020385
-0.023475
-0.0502
-0.042808
-0.0086977
0.025791
0.033891
0.0062048
-0.041116
-0.066347
-0.042787
0.006828
0.041423
0.035621
-0.0073645
-0.049935
-0.055068
-0.020571
0.027193
0.045963
0.01413
-0.036927
-0.061772
-0.045108
-0.00060132
0.038768
0.043534
0.0099863
-0.0392
-0.062358
-0.036401
0.01044
0.035807
0.025373
-0.0095835
-0.042256
-0.047568
-0.020176
0.022017
0.043143
0.021985
-0.02204
-0.053095
-0.046365
-0.0035989
0.038699
0.043951
0.009578
-0.039261
-0.063167
-0.040057
0.0071903
0.039292
0.035015
-0.00093793
-0.038967
-0.04839
-0.020276
0.026991
0.049029
0.018997
-0.033598
-0.062748
-0.05053
-0.0074966
0.034591
0.044726
0.015424
-0.033501
-0.060908
-0.041159
0.005602
0.040241
0.034785
-0.010115
-0.053719
-0.056014
-0.02125
0.020326
0.040903
0.027194
-0.013688
-0.055742
-0.060298
-0.015256
0.033932
0.039101
0.0029216
-0.042146
-0.060883
-0.036692
0.010125
0.043092
0.035988
-0.0090068
-0.05202
-0.054608
-0.017407
0.030549
0.049323
0.01974
-0.030636
-0.059291
-0.044026
0.0061333
0.047231
0.041396
-0.0018932
-0.047011
-0.062496
-0.037282
0.0088223
0.042105
0.037526
-0.0034648
-0.044513
-0.049776
-0.018969
0.022523
0.041589
0.020714
-0.023684
-0.058647
-0.057022
-0.017156
0.025141
0.032956
0.004004
-0.037542
-0.055842
-0.031786
0.012816
0.041056
0.030625
-0.013692
-0.054107
-0.055511
-0.022031
0.018015
0.035323
0.016793
-0.022186
-0.051713
-0.047283
-0.0080781
0.033984
0.044499
0.01563
-0.03335
-0.062559
-0.046116
-0.0032622
0.02878
0.027142
-0.0067252
-0.043677
-0.052613
-0.0278
0.012124
0.033559
0.015988
-0.026177
-0.060341
-0.055144
-0.0070055
0.039839
0.041442
0.0016287
-0.046927
-0.067781
-0.043724
0.0017873
0.031335
0.028563
-2.9207e-005
-0.033139
-0.04707
-0.028019
0.013862
0.038211
0.016971
-0.029117
-0.061177
-0.054807
-0.012697
0.02753
0.029777
-0.0035122
-0.044323
-0.059206
-0.033057
0.011614
0.03872
0.027406
-0.016494
-0.058065
-0.063847
-0.030792
0.017216
0.039112
0.012452
-0.034862
-0.060871
-0.051079
-0.016651
0.014971
0.01861
-0.0098762
-0.051108
-0.068789
-0.042336
0.0074901
0.043006
0.037244
-0.0084895
-0.055907
-0.065821
-0.032421
0.019388
0.043222
0.012897
-0.040859
-0.070358
-0.055251
-0.0065592
0.035741
0.036394
0.00049465
-0.041461
-0.058802
-0.038326
0.0036785
0.035652
0.031628
-0.00933
-0.055328
-0.070281
-0.040059
0.01807
0.052691
0.028699
-0.026152
-0.063006
-0.05999
-0.023718
0.016816
0.030098
0.0035962
-0.046373
-0.07471
-0.051329
0.001324
0.039657
0.033792
-0.01512
-0.064782
-0.072427
-0.036014
0.015448
0.039055
0.012021
-0.038521
-0.069039
-0.058451
-0.014922
0.023782
0.023761
-0.0096849
-0.047755
-0.062882
-0.043799
-0.0059099
0.022492
0.018707
-0.017162
-0.052488
-0.055019
-0.026122
0.010729
0.029023
0.015282
-0.02048
-0.05244
-0.050864
-0.010029
0.032577
0.037188
-0.00030483
-0.054147
-0.080195
-0.053147
-0.00010452
0.033963
0.026682
-0.015038
-0.057877
-0.06776
-0.035281
0.018782
0.046816
0.019221
-0.037252
-0.07553
-0.068866
-0.022213
0.023631
0.028417
-0.009377
-0.061332
-0.089117
-0.07113
-0.022236
0.021493
0.021949
-0.027893
-0.078378
-0.079739
-0.039012
0.0064962
0.023109
-0.0017733
-0.047721
-0.078743
-0.063999
-0.0055745
0.042204
0.032526
-0.017239
-0.060108
-0.058099
-0.0030697
0.064056
0.096163
0.089157
0.06499
0.047367
0.049926
0.060607
0.057025
0.033714
-0.0033337
-0.053412
-0.10455
-0.11715
-0.074611
-0.02677
-0.024832
-0.059558
-0.095528
-0.10913
-0.093692
-0.063301
-0.043225
-0.054119
-0.093815
-0.13105
-0.13576
-0.099753
-0.045812
-0.032966
-0.090546
-0.1553
-0.15041
-0.06797
0.059743
0.19732
0.31488
0.39034
0.42445
0.46624
0.52978
0.49851
0.29661
0.064773
-0.041183
-0.062087
-0.084382
-0.084289
-0.03653
-0.0021101
-0.029968
-0.088914
-0.12769
-0.12109
-0.075699
-0.032236
-0.029078
-0.059479
-0.092971
-0.10884
-0.09904
-0.065618
-0.026891
-0.019861
-0.058252
-0.099273
-0.097943
-0.058713
-0.013724
0.00097356
-0.029793
-0.076156
-0.097059
-0.083339
-0.049244
-0.013002
0.0058475
-0.012809
-0.062836
-0.094483
-0.070646
-0.016007
0.022949
0.020137
-0.020944
-0.064088
-0.071744
-0.037838
0.014368
0.041516
0.018386
-0.0267
-0.049919
-0.037422
-0.00069284
0.037344
0.052544
0.028667
-0.023175
-0.053427
-0.028324
0.022292
0.049491
0.031991
-0.020177
-0.068678
-0.077535
-0.044213
0.0044606
0.02439
-0.0074829
-0.0604
-0.088288
-0.073058
-0.026822
0.01382
0.016401
-0.019018
-0.065845
-0.085676
-0.059493
-0.013608
0.011765
-0.0016546
-0.044698
-0.084115
-0.088926
-0.05666
-0.010759
0.010286
-0.014611
-0.063237
-0.096517
-0.089519
-0.045287
-0.00089675
0.0068111
-0.025076
-0.071457
-0.093418
-0.069423
-0.022059
0.0095548
0.0017173
-0.041539
-0.083501
-0.088548
-0.057588
-0.016562
0.0034329
-0.013294
-0.052229
-0.082903
-0.077624
-0.034334
0.0078223
0.010076
-0.025428
-0.069668
-0.088768
-0.066264
-0.019564
0.016673
0.010199
-0.041073
-0.089125
-0.087837
-0.045769
0.00011103
0.019374
9.8822e-005
-0.044825
-0.085025
-0.086177
-0.041593
0.0052763
0.010023
-0.025771
-0.071236
-0.088591
-0.06025
-0.013697
0.01035
-0.0043556
-0.046731
-0.084621
-0.088696
-0.055746
-0.0079848
0.014675
-0.0096141
-0.053906
-0.077349
-0.065561
-0.029306
0.0050169
0.011931
-0.017211
-0.0656
-0.091595
-0.068781
-0.018911
0.017458
0.011744
-0.034624
-0.078151
-0.077723
-0.040055
0.0012329
0.013875
-0.014208
-0.06073
-0.089914
-0.07972
-0.035011
0.0088545
0.017316
-0.013823
-0.061189
-0.085042
-0.062621
-0.015714
0.016351
0.0070964
-0.040623
-0.085185
-0.086631
-0.049374
-0.004446
0.018337
0.0045977
-0.037117
-0.079094
-0.0832
-0.03829
0.010245
0.014815
-0.02109
-0.064792
-0.082697
-0.059485
-0.01495
0.015882
0.0088234
-0.033612
-0.075746
-0.08203
-0.049298
-0.0018243
0.020443
-0.0042885
-0.05139
-0.080062
-0.067785
-0.0212
0.020539
0.021324
-0.017618
-0.067116
-0.086845
-0.057333
-0.0079137
0.018426
0.0056774
-0.034828
-0.072779
-0.079908
-0.052031
-0.0090865
0.013987
-0.0032666
-0.043799
-0.073915
-0.06837
-0.027244
0.014211
0.01993
-0.012871
-0.060163
-0.085523
-0.067893
-0.025043
0.0078935
0.0044493
-0.035612
-0.076961
-0.083222
-0.050954
-0.0043252
0.016622
-0.010038
-0.058819
-0.088162
-0.076791
-0.031826
0.010868
0.017063
-0.016119
-0.063939
-0.086109
-0.060511
-0.012113
0.01817
0.0092254
-0.032353
-0.072744
-0.079103
-0.048023
-0.0025072
0.018694
-0.0058162
-0.052359
-0.081555
-0.072094
-0.029612
0.010281
0.01414
-0.015577
-0.053333
-0.07243
-0.060044
-0.027541
-0.00053168
-0.0046821
-0.042872
-0.081022
-0.083986
-0.049388
-0.0014218
0.020525
-0.0050106
-0.053311
-0.083723
-0.074004
-0.030268
0.0096545
0.010772
-0.024318
-0.067439
-0.085889
-0.064352
-0.021269
0.0096138
0.0021151
-0.042689
-0.086673
-0.091676
-0.054105
-0.00023666
0.024028
-0.006344
-0.059185
-0.0868
-0.073405
-0.032147
0.0049482
0.0090533
-0.021411
-0.063879
-0.086177
-0.070074
-0.027855
0.010107
0.01115
-0.031288
-0.076731
-0.082599
-0.049958
-0.0070701
0.014278
-0.0024584
-0.043768
-0.078643
-0.078216
-0.038511
0.0064951
0.018712
-0.01291
-0.068494
-0.099085
-0.07337
-0.022
0.0067607
-0.00323
-0.04006
-0.075241
-0.081428
-0.05184
-0.0051274
0.018233
-0.0060541
-0.053604
-0.083714
-0.077042
-0.039844
-0.0006934
0.010708
-0.015462
-0.062508
-0.08938
-0.069586
-0.024298
0.0068377
-0.0023436
-0.049024
-0.093272
-0.095968
-0.056731
-0.0045786
0.018898
-0.0078152
-0.059365
-0.09311
-0.083478
-0.0355
0.0088958
0.01071
-0.025786
-0.069335
-0.086994
-0.064049
-0.020222
0.010363
0.0059305
-0.030872
-0.071524
-0.085137
-0.060264
-0.012805
0.01175
-0.015486
-0.065154
-0.091619
-0.078692
-0.037999
-0.0023904
-0.00080557
-0.03172
-0.070592
-0.086082
-0.063325
-0.022565
0.0031856
-0.0045522
-0.040825
-0.0784
-0.088743
-0.06083
-0.01052
0.015668
-0.011912
-0.063196
-0.091478
-0.081277
-0.044178
-0.0081476
-7.8541e-005
-0.027136
-0.071287
-0.094293
-0.072374
-0.023657
0.014642
0.011042
-0.036739
-0.084213
-0.087289
-0.052239
-0.011771
0.0077881
-0.0049991
-0.042143
-0.078634
-0.083722
-0.048725
-0.0027519
0.017215
-0.009177
-0.068924
-0.10238
-0.068725
-0.0099156
0.013805
-0.0069659
-0.05022
-0.087733
-0.095276
-0.067673
-0.023827
0.0011192
-0.014452
-0.058437
-0.09839
-0.098259
-0.050117
0.0010598
0.0077326
-0.030001
-0.081336
-0.10905
-0.092799
-0.050528
-0.017187
-0.016961
-0.049065
-0.081932
-0.083611
-0.050455
-0.0044886
0.013762
-0.016013
-0.058094
-0.065631
-0.031582
0.024377
0.075911
0.098824
0.082425
0.03816
-0.0048031
-0.023505
-0.017585
-0.0058586
-0.022788
-0.080079
-0.13211
-0.13322
-0.09721
-0.062191
-0.048588
-0.061787
-0.099068
-0.14119
-0.15005
-0.1108
-0.065356
-0.05911
-0.091963
-0.136
-0.15336
-0.12735
-0.090729
-0.083323
-0.10391
-0.12305
-0.1024
-0.016879
0.1226
0.28015
0.40758
0.47119
0.49353
0.49598
0.41456
0.2179
0.036548
-0.01588
-0.026747
-0.097637
-0.15943
-0.13144
-0.063404
-0.030358
-0.048709
-0.10045
-0.14447
-0.14558
-0.11138
-0.073475
-0.052548
-0.056793
-0.089995
-0.13535
-0.14443
-0.094113
-0.035008
-0.023664
-0.058041
-0.10345
-0.12271
-0.097933
-0.052645
-0.025344
-0.035822
-0.076536
-0.11478
-0.1185
-0.080769
-0.023614
0.0049981
-0.02304
-0.077087
-0.1083
-0.094042
-0.043871
0.0014103
0.0048331
-0.031709
-0.077843
-0.093746
-0.060743
-0.0077827
0.022579
0.014222
-0.021839
-0.056378
-0.061557
-0.030949
0.016542
0.041679
0.020505
-0.027099
-0.063111
-0.061072
-0.021817
0.01679
0.016838
-0.021342
-0.071114
-0.10045
-0.091623
-0.057057
-0.025959
-0.025845
-0.060743
-0.097196
-0.099935
-0.067244
-0.022699
-0.0017039
-0.023433
-0.065713
-0.092041
-0.085514
-0.052412
-0.016977
-0.0054325
-0.032202
-0.084675
-0.11559
-0.092737
-0.043519
-0.013904
-0.024735
-0.067649
-0.1077
-0.11124
-0.075611
-0.025519
-0.00074908
-0.023541
-0.072444
-0.10792
-0.10344
-0.060696
-0.016499
-0.0084304
-0.041904
-0.092314
-0.11583
-0.087458
-0.033091
0.0026217
-0.0095106
-0.064776
-0.11317
-0.10948
-0.064479
-0.017682
-0.002744
-0.03049
-0.076282
-0.10341
-0.09403
-0.056335
-0.021571
-0.018428
-0.050606
-0.095814
-0.11193
-0.076729
-0.02198
0.0063345
-0.0095275
-0.056736
-0.097838
-0.099775
-0.063521
-0.01677
0.002817
-0.023451
-0.07439
-0.11133
-0.10532
-0.057267
-0.0092335
-0.0028036
-0.039903
-0.091543
-0.11288
-0.080835
-0.029627
-0.006941
-0.023086
-0.060946
-0.095962
-0.1052
-0.077308
-0.026344
0.0037964
-0.016117
-0.063716
-0.097466
-0.092855
-0.052834
-0.011847
-0.0047746
-0.036324
-0.083125
-0.1035
-0.074221
-0.023
0.0066014
-0.0056045
-0.050524
-0.092414
-0.097487
-0.062831
-0.013194
0.010473
-0.014365
-0.063541
-0.095863
-0.087768
-0.044221
-0.0024074
0.0018253
-0.031986
-0.077546
-0.099808
-0.080018
-0.03588
-0.0019441
-0.0050281
-0.045531
-0.087851
-0.094707
-0.061433
-0.011737
0.014453
-0.0066421
-0.055854
-0.094011
-0.091439
-0.046764
0.0036457
0.019247
-0.012664
-0.071749
-0.10688
-0.084517
-0.034193
-0.004757
-0.015589
-0.05659
-0.094454
-0.097885
-0.066079
-0.022891
-0.0016851
-0.020063
-0.060743
-0.090544
-0.084266
-0.042274
-0.00029051
0.005382
-0.028373
-0.076988
-0.10219
-0.081626
-0.033838
0.0038993
0.0024863
-0.039732
-0.085768
-0.09635
-0.067981
-0.024603
-0.00073559
-0.016652
-0.059022
-0.095322
-0.093319
-0.047785
-0.00036629
0.0058403
-0.028712
-0.074969
-0.097064
-0.076435
-0.034005
-0.0057471
-0.011657
-0.047251
-0.084401
-0.093556
-0.066236
-0.019715
0.0064984
-0.012987
-0.060177
-0.097216
-0.093077
-0.045877
0.0011129
0.0046436
-0.033725
-0.082599
-0.10354
-0.077588
-0.028134
0.0051938
-0.0015854
-0.044032
-0.086202
-0.092609
-0.059475
-0.011291
0.0097633
-0.01911
-0.070503
-0.10053
-0.086587
-0.037081
0.006155
0.0055432
-0.035749
-0.086005
-0.10516
-0.075102
-0.025488
0.00064771
-0.013366
-0.055628
-0.09336
-0.096475
-0.061652
-0.011943
0.013719
-0.0073803
-0.057806
-0.09996
-0.10048
-0.055125
-0.0062396
0.0019474
-0.031975
-0.079262
-0.10247
-0.081259
-0.033892
0.0028579
-0.0017356
-0.048962
-0.09483
-0.096244
-0.058585
-0.014633
0.0044518
-0.014775
-0.056938
-0.090645
-0.087297
-0.04455
-0.0017546
0.0017069
-0.032616
-0.076302
-0.096774
-0.077593
-0.03361
0.0025141
-0.0015839
-0.050026
-0.10041
-0.10827
-0.071011
-0.017342
0.011327
-0.0087916
-0.059279
-0.10055
-0.098642
-0.050227
-0.00013487
0.0060081
-0.030287
-0.077362
-0.098867
-0.076618
-0.030487
0.003199
-0.00040356
-0.039416
-0.07956
-0.085813
-0.05378
-0.0067461
0.01487
-0.011869
-0.064351
-0.10138
-0.094197
-0.0447
0.0030999
0.0067064
-0.031014
-0.078227
-0.099414
-0.077635
-0.032659
-0.00022997
-0.0056054
-0.046973
-0.088141
-0.092849
-0.059212
-0.012364
0.010315
-0.011779
-0.058498
-0.092701
-0.089623
-0.050785
-0.010684
-0.0043742
-0.034428
-0.077291
-0.099374
-0.081199
-0.035726
0.0047894
0.0055452
-0.040301
-0.089405
-0.096183
-0.060642
-0.012999
0.0085003
-0.01588
-0.065621
-0.102
-0.095997
-0.048311
-0.0014824
0.0027598
-0.034223
-0.082065
-0.10366
-0.080455
-0.034775
-0.0044868
-0.010317
-0.047552
-0.088621
-0.10304
-0.0768
-0.024424
0.0071869
-0.013948
-0.065104
-0.10172
-0.092722
-0.039366
0.010615
0.011776
-0.02899
-0.07558
-0.094336
-0.071814
-0.029553
-0.0027724
-0.01185
-0.051182
-0.090226
-0.097738
-0.062613
-0.0039502
0.024451
-0.010423
-0.070964
-0.10192
-0.087532
-0.04418
-0.0071138
-0.0064298
-0.041699
-0.086789
-0.10524
-0.079608
-0.033909
-0.0064738
-0.020798
-0.070596
-0.11223
-0.10742
-0.06642
-0.024717
-0.012204
-0.038487
-0.083479
-0.1141
-0.10792
-0.067199
-0.023658
-0.0098891
-0.03147
-0.06967
-0.090123
-0.07158
-0.034356
-0.010748
-0.0065418
-0.011871
-0.023057
-0.029804
-0.0029852
0.061677
0.11126
0.097941
0.028764
-0.054111
-0.092562
-0.062158
-0.020008
-0.029822
-0.084148
-0.13983
-0.16165
-0.13588
-0.082333
-0.039968
-0.044016
-0.097502
-0.15457
-0.16741
-0.13163
-0.076659
-0.051814
-0.084855
-0.13783
-0.16085
-0.1543
-0.13843
-0.11317
-0.076262
-0.039921
-0.0014711
0.075945
0.21428
0.37184
0.48627
0.54093
0.53123
0.40237
0.1575
-0.032644
-0.041386
0.0069042
-0.037176
-0.12178
-0.14901
-0.12291
-0.082678
-0.053903
-0.05584
-0.088894
-0.13143
-0.15073
-0.12946
-0.080977
-0.03758
-0.03736
-0.088392
-0.14154
-0.14591
-0.10513
-0.053909
-0.026898
-0.041124
-0.083242
-0.12054
-0.11939
-0.073968
-0.025751
-0.017978
-0.05342
-0.10331
-0.1215
-0.084433
-0.028302
-0.0030466
-0.023147
-0.070683
-0.1048
-0.093997
-0.050628
-0.0094612
0.003491
-0.017727
-0.05556
-0.080769
-0.069015
-0.021994
0.021651
0.025021
-0.012115
-0.061429
-0.081591
-0.051155
0.0038207
0.039934
0.031647
-0.016229
-0.066057
-0.079577
-0.050609
-0.0030572
0.020163
-0.0067477
-0.062281
-0.10489
-0.10548
-0.064228
-0.020795
-0.0149
-0.046064
-0.086242
-0.10137
-0.075004
-0.026767
0.007229
-0.0022646
-0.054606
-0.10496
-0.10974
-0.072275
-0.025083
-0.0041763
-0.026717
-0.074474
-0.11164
-0.10851
-0.063823
-0.019475
-0.016618
-0.051751
-0.094004
-0.11149
-0.08941
-0.043298
-0.0055345
-0.0075927
-0.053028
-0.09879
-0.10184
-0.066805
-0.02535
-0.007031
-0.025007
-0.068862
-0.10951
-0.10793
-0.054835
-0.003775
-0.0068757
-0.050578
-0.092771
-0.108
-0.089704
-0.049558
-0.013951
-0.013498
-0.053557
-0.095977
-0.10065
-0.065272
-0.016115
0.0073847
-0.016632
-0.066494
-0.1025
-0.097851
-0.05402
-0.0099063
-0.0038588
-0.034112
-0.073354
-0.093207
-0.079424
-0.042176
-0.0084404
-0.0098788
-0.052687
-0.097333
-0.10208
-0.063472
-0.0090002
0.013923
-0.020301
-0.076802
-0.10532
-0.091834
-0.051763
-0.015063
-0.0084656
-0.037918
-0.083378
-0.10311
-0.073453
-0.022178
0.0074438
-0.0048832
-0.050113
-0.090343
-0.091341
-0.056852
-0.015338
0.0021418
-0.018427
-0.060908
-0.093811
-0.090326
-0.049429
-0.0081317
-0.0038384
-0.039472
-0.089178
-0.11073
-0.081257
-0.028473
0.0035173
-0.0075056
-0.053339
-0.095295
-0.097178
-0.059254
-0.0096874
0.013641
-0.0090324
-0.059176
-0.099355
-0.096594
-0.048157
-0.0010236
-0.00035446
-0.037307
-0.076074
-0.088968
-0.066817
-0.026568
0.0021063
-0.003646
-0.042531
-0.081284
-0.086866
-0.057848
-0.017187
0.0011797
-0.020856
-0.06359
-0.092572
-0.086264
-0.047883
-0.010515
-0.006244
-0.035847
-0.075738
-0.092759
-0.069627
-0.025437
0.0054276
-0.0016312
-0.044742
-0.088279
-0.095983
-0.062002
-0.0096463
0.015034
-0.014168
-0.064716
-0.08902
-0.07448
-0.035988
-0.00021536
0.0080429
-0.020782
-0.070083
-0.095817
-0.070412
-0.019809
0.012059
0.0014171
-0.045418
-0.090122
-0.095533
-0.058681
-0.0062667
0.017243
-0.012119
-0.064868
-0.095218
-0.083608
-0.040049
-0.00030599
0.0029645
-0.030079
-0.073808
-0.09389
-0.072765
-0.030552
-0.001922
-0.0080573
-0.04559
-0.083775
-0.091363
-0.064097
-0.021859
0.0012249
-0.015048
-0.053504
-0.081383
-0.076723
-0.040995
-0.0054154
-0.0013049
-0.030945
-0.072337
-0.091268
-0.068932
-0.024728
0.0065334
0.00017809
-0.041828
-0.081291
-0.081773
-0.047004
-0.0056548
0.010824
-0.01167
-0.054467
-0.084711
-0.079891
-0.041958
-0.0029461
0.0045692
-0.024738
-0.070147
-0.092874
-0.070215
-0.026356
-0.00052899
-0.010037
-0.047225
-0.084988
-0.095351
-0.068332
-0.019857
0.008329
-0.01105
-0.056767
-0.08877
-0.082102
-0.039225
0.0045717
0.013033
-0.019702
-0.070586
-0.096756
-0.073026
-0.025436
0.0033756
-0.0065875
-0.047014
-0.084517
-0.087199
-0.049936
0.0036964
0.026056
-0.0089671
-0.066282
-0.09518
-0.079046
-0.032714
0.006983
0.008509
-0.026294
-0.070038
-0.087697
-0.062753
-0.017732
0.010664
0.0015292
-0.039896
-0.081616
-0.091204
-0.061689
-0.01325
0.013234
-0.0074709
-0.055185
-0.090576
-0.085286
-0.039883
0.0046491
0.0079695
-0.02839
-0.07461
-0.094487
-0.070421
-0.02334
0.0097706
0.0015411
-0.045771
-0.08695
-0.080994
-0.040321
-0.0017922
0.01131
-0.0070272
-0.047546
-0.085994
-0.090049
-0.05118
-0.006945
0.001838
-0.027688
-0.070805
-0.093439
-0.07557
-0.030306
0.0096386
0.010225
-0.034977
-0.084958
-0.095402
-0.061732
-0.010945
0.012407
-0.016644
-0.070478
-0.10354
-0.092494
-0.044773
-0.00035521
0.003757
-0.030042
-0.072614
-0.08985
-0.065886
-0.021731
0.0073061
-0.00056884
-0.040945
-0.080304
-0.085467
-0.051579
-0.0012978
0.022189
-0.0057085
-0.056298
-0.085089
-0.07581
-0.038856
-0.00064923
0.011498
-0.016223
-0.0694
-0.10017
-0.076216
-0.022668
0.014702
0.0076428
-0.040082
-0.083085
-0.079418
-0.038561
0.0033936
0.017765
-0.004887
-0.048964
-0.083881
-0.079365
-0.032657
0.012678
0.014542
-0.021588
-0.063332
-0.078504
-0.053957
-0.012082
0.012348
0.0023866
-0.034956
-0.073448
-0.085745
-0.059918
-0.010649
0.016829
-0.0073038
-0.058314
-0.092401
-0.084599
-0.039814
0.00090917
-0.00030724
-0.037872
-0.080059
-0.094956
-0.069978
-0.026326
0.001215
-0.010792
-0.057958
-0.10134
-0.10344
-0.063563
-0.0091607
0.02108
0.0051186
-0.037833
-0.070574
-0.070547
-0.037452
0.011123
0.048635
0.04581
0.0041785
-0.018886
0.019804
0.087358
0.12496
0.096656
0.0083206
-0.07699
-0.10017
-0.072507
-0.038731
-0.029029
-0.052581
-0.095513
-0.12874
-0.12459
-0.081954
-0.04044
-0.03945
-0.07965
-0.13249
-0.15663
-0.12975
-0.078861
-0.047752
-0.051618
-0.083434
-0.13133
-0.17116
-0.15791
-0.075477
0.023816
0.090022
0.13933
0.21205
0.32234
0.45027
0.55739
0.59061
0.46857
0.19403
-0.040164
-0.07522
-0.010946
-0.0025777
-0.043715
-0.076299
-0.10074
-0.12023
-0.10681
-0.05745
-0.023469
-0.045587
-0.1007
-0.14129
-0.13199
-0.072507
-0.018146
-0.020839
-0.067996
-0.11548
-0.13106
-0.10447
-0.053264
-0.011659
-0.012109
-0.057917
-0.10728
-0.11665
-0.083587
-0.03502
-0.0096372
-0.02839
-0.067448
-0.08873
-0.076995
-0.041082
-0.0088691
-0.005456
-0.031286
-0.065588
-0.076984
-0.049917
-0.0070393
0.017428
0.0089885
-0.024292
-0.058445
-0.068337
-0.040857
0.011366
0.043457
0.024645
-0.021572
-0.052694
-0.045682
-0.0049083
0.034632
0.03862
0.006845
-0.036306
-0.060015
-0.047999
-0.015613
0.0074247
-0.001339
-0.041337
-0.079932
-0.084763
-0.056851
-0.019709
-0.00082514
-0.014293
-0.049403
-0.079434
-0.07411
-0.028245
0.017111
0.020077
-0.01854
-0.069391
-0.095238
-0.076348
-0.033595
-0.0038825
-0.008681
-0.044855
-0.084872
-0.098356
-0.074811
-0.02949
-0.00061689
-0.014622
-0.057332
-0.094151
-0.094451
-0.053774
-0.0094645
-0.0014516
-0.034518
-0.083721
-0.105
-0.073898
-0.022758
0.0021491
-0.010804
-0.046304
-0.077972
-0.082088
-0.052677
-0.0073344
0.016142
-0.0051154
-0.051059
-0.084529
-0.081104
-0.042248
-0.0016349
0.0059938
-0.023813
-0.06881
-0.092613
-0.07356
-0.027811
0.0097014
0.0070554
-0.03894
-0.08349
-0.082775
-0.043988
-0.0013369
0.014678
-0.0079388
-0.050727
-0.081459
-0.079328
-0.046304
-0.0078371
0.007297
-0.01542
-0.063227
-0.089655
-0.063011
-0.011339
0.019313
0.01158
-0.025412
-0.065754
-0.08146
-0.058705
-0.01045
0.019439
0.0007894
-0.044184
-0.074234
-0.066031
-0.023727
0.017093
0.021461
-0.01236
-0.059139
-0.080915
-0.057426
-0.011583
0.018137
0.0082458
-0.036382
-0.075153
-0.071516
-0.035218
0.0010375
0.014657
-0.0015531
-0.040446
-0.079087
-0.083169
-0.042218
0.0054532
0.017162
-0.013484
-0.062457
-0.085471
-0.056572
-0.0055221
0.022323
0.012565
-0.022749
-0.057821
-0.067529
-0.042835
0.00071844
0.022712
-0.0021071
-0.049575
-0.079151
-0.071055
-0.031472
0.0089507
0.019567
-0.0060502
-0.048657
-0.068997
-0.044227
-0.00025803
0.022793
0.0090105
-0.031535
-0.068088
-0.072192
-0.04156
0.0021443
0.023876
0.0039636
-0.039243
-0.071301
-0.067669
-0.029094
0.010298
0.0162
-0.013892
-0.056434
-0.073742
-0.045987
0.00026829
0.02489
0.012048
-0.027846
-0.065469
-0.072571
-0.040608
0.011685
0.038394
0.011421
-0.040993
-0.072792
-0.062313
-0.017597
0.024631
0.029746
-0.0024896
-0.046242
-0.067255
-0.04771
-0.0063671
0.022747
0.016537
-0.022995
-0.062662
-0.069035
-0.039687
0.0025105
0.023275
0.0032704
-0.04164
-0.077528
-0.073535
-0.02631
0.022803
0.031425
-0.00038471
-0.044305
-0.064828
-0.043353
-0.00058349
0.027877
0.023862
-0.0081883
-0.046026
-0.063626
-0.044911
0.00020242
0.028279
0.0082503
-0.040902
-0.078198
-0.068796
-0.010666
0.042349
0.039676
-0.0049695
-0.048908
-0.063756
-0.042184
-0.0021052
0.026183
0.020693
-0.016456
-0.053979
-0.060528
-0.031918
0.011007
0.030369
0.004851
-0.040386
-0.066073
-0.056769
-0.021237
0.015004
0.026065
0.0021024
-0.042158
-0.067756
-0.049014
-0.0045096
0.028669
0.022843
-0.021799
-0.065151
-0.067655
-0.03077
0.016092
0.035233
0.0084196
-0.039361
-0.068272
-0.058702
-0.018004
0.022827
0.032262
0.00029007
-0.053948
-0.084754
-0.062323
-0.006785
0.03845
0.035648
-0.018711
-0.072619
-0.074323
-0.02875
0.025681
0.047868
0.019407
-0.032808
-0.065795
-0.058673
-0.018684
0.022879
0.034148
0.0066634
-0.040888
-0.068662
-0.050971
-0.0060233
0.028817
0.026091
-0.014736
-0.057345
-0.063784
-0.030912
0.016617
0.041979
0.023701
-0.022609
-0.061821
-0.060949
-0.015621
0.030068
0.031869
-0.0054626
-0.049125
-0.067929
-0.047977
-0.003112
0.035288
0.032876
-0.015826
-0.063731
-0.064602
-0.025495
0.017976
0.032489
0.0055398
-0.039861
-0.067243
-0.054815
-0.0088366
0.032818
0.034954
-0.0031324
-0.05394
-0.07494
-0.04421
0.0078254
0.036224
0.025901
-0.011496
-0.050178
-0.064024
-0.041273
0.0043398
0.03206
0.01412
-0.030765
-0.064683
-0.060801
-0.018917
0.023451
0.02882
0.00020635
-0.035465
-0.052571
-0.039023
-0.00455
0.026042
0.024997
-0.012963
-0.054455
-0.063017
-0.032242
0.016229
0.040108
0.014177
-0.036302
-0.068281
-0.058647
-0.01327
0.032264
0.04209
0.0097076
-0.041682
-0.068891
-0.045475
0.0084146
0.051052
0.04838
-0.0020251
-0.054992
-0.064044
-0.028326
0.021448
0.044602
0.019859
-0.02817
-0.058391
-0.050691
-0.011847
0.028557
0.039528
0.0094053
-0.04456
-0.075554
-0.052802
-0.00052446
0.036497
0.029216
-0.019726
-0.064241
-0.061907
-0.024746
0.010403
0.02123
0.0029504
-0.034798
-0.068344
-0.064808
-0.01772
0.026667
0.023676
-0.019073
-0.065089
-0.077616
-0.042372
0.013006
0.046649
0.039668
0.00082709
-0.042956
-0.060459
-0.025268
0.054078
0.10972
0.09281
0.04613
0.031909
0.059206
0.10162
0.11582
0.073843
-0.00034483
-0.061081
-0.083517
-0.067315
-0.030767
-0.0030316
-0.013941
-0.064388
-0.10635
-0.097811
-0.054495
-0.017355
-0.014025
-0.048759
-0.096821
-0.12352
-0.11202
-0.072063
-0.030632
-0.017897
-0.058176
-0.13736
-0.17558
-0.11318
0.010151
0.12634
0.21288
0.28049
0.34958
0.43159
0.52678
0.59612
0.52305
0.26564
0.0047228
-0.081748
-0.052973
-0.034234
-0.029961
-0.01746
-0.030898
-0.083376
-0.12134
-0.1026
-0.048405
-0.0052334
-0.0080706
-0.059013
-0.10751
-0.10492
-0.062341
-0.019354
-0.0052515
-0.028
-0.067585
-0.091376
-0.075991
-0.02586
0.018236
0.018755
-0.022447
-0.074833
-0.096165
-0.065669
-0.014298
0.013742
0.0061397
-0.02395
-0.053218
-0.059446
-0.034535
0.0074984
0.032727
0.018639
-0.021305
-0.055195
-0.054108
-0.013251
0.034608
0.052175
0.028929
-0.016554
-0.038506
-0.0085594
0.040989
0.063502
0.050084
0.017254
-0.012572
-0.019406
0.0056506
0.048303
0.067065
0.036866
-0.014837
-0.045225
-0.034534
0.0077199
0.042403
0.035185
-0.0083608
-0.056921
-0.076917
-0.053642
-0.0057476
0.031959
0.030687
-0.010783
-0.053818
-0.059157
-0.025286
0.02114
0.042155
0.017456
-0.031123
-0.065137
-0.060303
-0.019744
0.019968
0.023335
-0.0090325
-0.050855
-0.069325
-0.047979
-0.0038231
0.029689
0.02395
-0.021883
-0.067355
-0.071666
-0.032126
0.023059
0.047781
0.0174
-0.036447
-0.065978
-0.052076
-0.0068165
0.031237
0.028831
-0.0094335
-0.05319
-0.068232
-0.040006
0.0094993
0.043298
0.035711
-0.010491
-0.056597
-0.064253
-0.030682
0.018176
0.042191
0.019145
-0.027741
-0.058464
-0.050641
-0.0090833
0.032525
0.040547
0.011296
-0.032663
-0.055562
-0.036393
0.0090677
0.046401
0.044836
0.00091207
-0.04529
-0.052128
-0.01903
0.02642
0.049232
0.030334
-0.013882
-0.049356
-0.048661
-0.0098477
0.033578
0.045126
0.016826
-0.030951
-0.055817
-0.031975
0.014632
0.041945
0.031391
-0.0083791
-0.043098
-0.042086
-0.0095727
0.027867
0.0429
0.02369
-0.015537
-0.046379
-0.042834
-0.0026191
0.04002
0.04911
0.020539
-0.023673
-0.047524
-0.029812
0.010665
0.039127
0.033779
-0.0036469
-0.039165
-0.039901
-0.013385
0.018932
0.052278
0.085594
