0.051234
0.027234
0.0096197
0.0033329
0.010611
0.035395
0.065545
0.092545
0.10879
0.10156
0.08296
0.059856
0.039811
0.036899
0.041287
0.048814
0.05443
0.047854
0.036648
0.024064
0.014204
0.014069
0.020906
0.03378
0.050569
0.06781
0.083728
0.096247
0.10406
0.10509
0.1026
0.09852
0.094533
0.095572
0.095204
0.090876
0.080943
0.059136
0.037573
0.022551
0.019035
0.036724
0.061901
0.086338
0.10189
0.095555
0.076711
0.050712
0.024557
0.0097728
0.0037083
0.0063868
0.016004
0.028001
0.04168
0.054849
0.065856
0.072264
0.07632
0.079072
0.081324
0.08724
0.089856
0.086356
0.075152
0.051097
0.025876
0.006464
-0.0010668
0.012
0.037229
0.068562
0.09852
0.11732
0.12404
0.11767
0.099969
0.074032
0.046827
0.024537
0.01209
0.015374
0.028855
0.048082
0.067595
0.078544
0.083257
0.081844
0.075592
0.06967
0.060832
0.049341
0.035945
0.018571
0.0047171
-0.0019165
0.0010384
0.017735
0.039929
0.061902
0.077975
0.080376
0.072936
0.058205
0.040282
0.025936
0.015906
0.012126
0.01533
0.02389
0.038105
0.056142
0.075411
0.094005
0.10722
0.11219
0.10744
0.092216
0.07038
0.046102
0.024151
0.0084826
0.0030835
0.0094926
0.026803
0.054387
0.082766
0.10473
0.11431
0.10488
0.082057
0.051082
0.018983
-0.0057541
-0.019171
-0.018392
-0.0034798
0.024316
0.056875
0.086806
0.10736
0.11087
0.10064
0.079816
0.05361
0.030007
0.011565
0.0015984
0.0017373
0.011101
0.028762
0.051669
0.075813
0.097489
0.11187
0.11595
0.10852
0.089415
0.063394
0.035444
0.010927
-0.0050397
-0.010038
-0.0033123
0.013623
0.038443
0.0644
0.085694
0.097535
0.095257
0.081797
0.060521
0.036369
0.01533
0.0013051
-0.0027347
0.0040692
0.021608
0.044346
0.066944
0.08413
0.089978
0.085467
0.071857
0.0522
0.031575
0.012934
-0.00024837
-0.0055058
-0.0022979
0.009644
0.02847
0.050967
0.074543
0.092669
0.10117
0.097732
0.07986
0.054553
0.027781
0.0058166
-0.0039327
-0.0020488
0.010696
0.031362
0.055008
0.077496
0.094468
0.10272
0.10012
0.088283
0.069926
0.048983
0.029958
0.016551
0.011486
0.015815
0.029468
0.048658
0.069206
0.086632
0.096415
0.097072
0.088224
0.071329
0.048973
0.025885
0.0065814
-0.0050841
-0.0059788
0.0032897
0.02091
0.043507
0.066934
0.08653
0.09849
0.10047
0.091064
0.073512
0.051643
0.030118
0.014016
0.0060771
0.0080073
0.019631
0.039126
0.062619
0.085595
0.10352
0.11304
0.1115
0.098656
0.076497
0.046782
0.01831
-0.0023949
-0.010356
-9.0638e-005
0.022176
0.050859
0.079067
0.097959
0.10606
0.10196
0.086735
0.063781
0.03753
0.013215
-0.0043248
-0.011328
-0.0066164
0.0089914
0.03257
0.060842
0.086667
0.10458
0.1108
0.10145
0.082281
0.058512
0.036242
0.022896
0.019347
0.026126
0.041527
0.062204
0.08331
0.10005
0.10854
0.10514
0.092248
0.072698
0.05062
0.031596
0.017987
0.012144
0.014976
0.025437
0.042132
0.062138
0.081893
0.098539
0.10787
0.1077
0.097619
0.077617
0.053544
0.030598
0.013812
0.0079659
0.013205
0.028398
0.050333
0.075328
0.096607
0.10901
0.10919
0.093814
0.069127
0.040809
0.015289
0.00024828
-0.0036131
0.0040054
0.021064
0.043626
0.066839
0.085702
0.096136
0.094828
0.083192
0.063746
0.04055
0.018505
0.0019912
-0.0055425
-0.0023976
0.011794
0.03331
0.057699
0.079885
0.095031
0.099974
0.093365
0.076159
0.049827
0.021811
-0.0016437
-0.015189
-0.013012
0.001353
0.024429
0.051101
0.07382
0.090647
0.098929
0.097567
0.088198
0.070991
0.048521
0.024312
0.00068572
-0.015983
-0.022077
-0.015942
0.0041848
0.031111
0.058775
0.081053
0.090962
0.089461
0.077809
0.05937
0.038784
0.021096
0.010615
0.010011
0.02173
0.040774
0.062566
0.082088
0.092603
0.095435
0.091241
0.08218
0.073171
0.064652
0.058839
0.057622
0.060473
0.070934
0.089432
0.11478
0.14666
0.17677
0.19913
0.2088
0.20071
0.17869
0.14678
0.11077
0.077089
0.051079
0.036458
0.034395
0.04574
0.062479
0.077879
0.085641
0.077978
0.058918
0.031742
0.0015442
-0.023676
-0.042561
-0.052667
-0.053124
-0.045781
-0.030962
-0.011318
0.0096771
0.029381
0.042485
0.04591
0.038361
0.018991
-0.0065478
-0.032986
-0.054818
-0.066636
-0.067005
-0.055954
-0.035816
-0.0092751
0.016022
0.034157
0.040783
0.030261
0.0098817
-0.014867
-0.037896
-0.04988
-0.054233
-0.052103
-0.045856
-0.041979
-0.036577
-0.02911
-0.018869
-0.0018343
0.016743
0.035376
0.053556
0.068338
0.088289
0.11845
0.16278
0.22739
0.30371
0.38522
0.46416
0.52712
0.57699
0.61193
0.6305
0.64033
0.62565
0.58166
0.50772
0.39493
0.27538
0.169
0.09248
0.072256
0.081178
0.10276
0.11901
0.099656
0.062919
0.017296
-0.02538
-0.043123
-0.044725
-0.032266
-0.010905
0.0080433
0.025227
0.037408
0.042544
0.040819
0.031542
0.016174
-0.0027853
-0.022273
-0.038809
-0.049385
-0.051864
-0.046273
-0.031737
-0.0099042
0.016043
0.04459
0.066563
0.076522
0.071348
0.046669
0.01317
-0.020889
-0.047121
-0.054939
-0.04751
-0.027267
0.00075276
0.028504
0.052193
0.067388
0.071469
0.063692
0.046471
0.023656
8.5017e-005
-0.019238
-0.030604
-0.031788
-0.022645
-0.0039325
0.018705
0.040015
0.055077
0.058919
0.052496
0.037515
0.017503
-0.0030119
-0.019212
-0.027153
-0.024562
-0.0099516
0.012291
0.037542
0.060531
0.075461
0.080563
0.075021
0.060129
0.038496
0.015372
-0.0041744
-0.015751
-0.01555
-0.0044731
0.01544
0.040434
0.065805
0.086722
0.099207
0.10091
0.090581
0.071822
0.048902
0.026916
0.011202
0.004838
0.0095483
0.024916
0.049189
0.077025
0.10306
0.12224
0.13014
0.12618
0.11141
0.089038
0.062651
0.03942
0.024814
0.022509
0.036136
0.059688
0.087601
0.11344
0.1291
0.13403
0.12764
0.11155
0.089734
0.065637
0.043606
0.027491
0.020083
0.02223
0.033108
0.050261
0.070366
0.088764
0.10138
0.1052
0.098421
0.082417
0.059911
0.034967
0.011215
-0.0053662
-0.011128
-0.0046128
0.015778
0.042007
0.067462
0.085728
0.089182
0.080465
0.062014
0.038339
0.016026
-0.0012228
-0.0096873
-0.0074128
0.0059607
0.027341
0.05258
0.07677
0.094816
0.10374
0.10185
0.089528
0.068326
0.043361
0.019705
0.0021246
-0.0050326
-0.0015407
0.011541
0.03125
0.053709
0.073505
0.086097
0.088367
0.07797
0.058317
0.033407
0.0083117
-0.011391
-0.022321
-0.022319
-0.011365
0.0094058
0.03449
0.058508
0.076321
0.082874
0.078398
0.064121
0.043225
0.02005
-0.00030991
-0.01343
-0.016331
-0.0070438
0.011383
0.035085
0.059116
0.078174
0.088586
0.088063
0.076471
0.054636
0.02851
0.0037093
-0.014419
-0.020506
-0.015069
0.00046155
0.022649
0.046689
0.06764
0.081063
0.083999
0.074632
0.055849
0.031484
0.0064891
-0.01387
-0.02564
-0.026307
-0.015509
0.0060045
0.032574
0.058636
0.078731
0.087471
0.084556
0.070847
0.049337
0.024158
0.0010682
-0.014941
-0.020306
-0.012303
0.0058566
0.030221
0.055596
0.076155
0.088178
0.089163
0.07882
0.057971
0.032393
0.007697
-0.010688
-0.017323
-0.012391
0.0029273
0.025397
0.050453
0.072931
0.088209
0.093099
0.085341
0.067968
0.044771
0.020654
0.0010901
-0.010511
-0.011865
-0.0027266
0.015874
0.039048
0.06177
0.079109
0.086471
0.083148
0.069818
0.0492
0.02467
0.0025276
-0.012168
-0.015852
-0.0052837
0.015034
0.040515
0.065524
0.08327
0.091681
0.089236
0.076547
0.056071
0.032051
0.0092975
-0.0076179
-0.01514
-0.011797
0.0018787
0.023275
0.04965
0.073532
0.089319
0.093048
0.080455
0.057678
0.03017
0.0043098
-0.011654
-0.017382
-0.012303
0.002043
0.021381
0.043211
0.063592
0.078878
0.087142
0.085713
0.074509
0.055367
0.029765
0.0055724
-0.011477
-0.017044
-0.0064725
0.01485
0.041965
0.06872
0.087387
0.096192
0.093642
0.08051
0.059697
0.035366
0.012454
-0.0043603
-0.011593
-0.0075104
0.0073953
0.030442
0.05883
0.084598
0.10175
0.10596
0.092765
0.068244
0.038025
0.0088644
-0.010767
-0.019449
-0.015932
-0.0013492
0.020768
0.046431
0.070712
0.089031
0.097722
0.095609
0.083273
0.063215
0.038686
0.015463
-0.0016203
-0.0089747
-0.0036648
0.011455
0.032884
0.055889
0.075026
0.086827
0.08884
0.080602
0.062696
0.040176
0.018031
0.0011556
-0.0054989
-0.0019419
0.010924
0.030339
0.052218
0.072104
0.085853
0.090513
0.084266
0.069031
0.047877
0.025091
0.0048933
-0.0078455
-0.010099
-0.00093727
0.020205
0.046516
0.072031
0.090949
0.096804
0.091005
0.075283
0.053366
0.030553
0.011216
-0.0006207
-0.002514
0.006983
0.024442
0.045879
0.066565
0.081064
0.087539
0.084824
0.07356
0.055884
0.035526
0.016597
0.0029375
-0.0022528
0.0017271
0.014202
0.032863
0.054596
0.074655
0.088931
0.094367
0.088797
0.074098
0.053138
0.030026
0.0090331
-0.0052417
-0.0097336
-0.0032983
0.014529
0.038174
0.062356
0.081689
0.090469
0.088476
0.076332
0.056705
0.033562
0.012026
-0.003252
-0.0088676
-0.0023836
0.013806
0.036307
0.060425
0.081155
0.094011
0.09605
0.086489
0.065075
0.038441
0.012499
-0.007026
-0.013597
-0.0088312
0.0055767
0.026084
0.046816
0.065239
0.078083
0.083193
0.080585
0.069919
0.053101
0.0333
0.012729
-0.001905
-0.0065864
0.00072792
0.02234
0.050584
0.079028
0.10108
0.10917
0.10417
0.087344
0.062339
0.034445
0.0092874
-0.0080114
-0.013963
-0.0059909
0.012187
0.036218
0.060638
0.079226
0.088992
0.087981
0.076459
0.055826
0.031786
0.0097403
-0.0053618
-0.0084119
-0.0008476
0.015385
0.036645
0.057546
0.07494
0.085551
0.087424
0.080352
0.065564
0.045867
0.025061
0.006373
-0.0051028
-0.0064488
0.003264
0.02481
0.05127
0.076727
0.095416
0.10085
0.094496
0.07809
0.055324
0.031708
0.011188
-0.002293
-0.0062102
0.00053913
0.015921
0.036693
0.0586
0.077082
0.088524
0.090529
0.082513
0.065084
0.042571
0.019592
0.00090065
-0.0092782
-0.0090469
0.001747
0.021135
0.046741
0.07151
0.089812
0.097317
0.089592
0.071159
0.046414
0.02101
0.0019187
-0.0084814
-0.0083299
0.0020663
0.020799
0.043225
0.064424
0.079775
0.084961
0.080056
0.066246
0.04653
0.024872
0.0062145
-0.0052513
-0.0067337
0.0036436
0.022764
0.046801
0.070914
0.08988
0.10029
0.099993
0.088935
0.068012
0.042846
0.018779
0.00089245
-0.0057423
-0.0015373
0.012207
0.032297
0.054241
0.073426
0.085699
0.088294
0.079576
0.062166
0.039641
0.016643
-0.0021499
-0.012598
-0.01225
-0.00081139
0.02141
0.047802
0.072486
0.089923
0.094104
0.086665
0.069611
0.046843
0.024
0.004947
-0.0065396
-0.0081881
0.0006966
0.017966
0.040178
0.062925
0.08182
0.092807
0.093451
0.083318
0.062749
0.037531
0.013076
-0.0053357
-0.012323
-0.0080613
0.006382
0.027953
0.052171
0.074264
0.089791
0.095594
0.089649
0.074099
0.052197
0.028435
0.0075692
-0.0059687
-0.0092379
-0.001323
0.01781
0.042587
0.067611
0.087429
0.096393
0.094198
0.081493
0.061011
0.036758
0.014041
-0.0023674
-0.0089742
-0.0032733
0.012274
0.034203
0.057732
0.077878
0.089992
0.091142
0.080665
0.058273
0.031314
0.0061057
-0.011382
-0.014351
-0.0051748
0.013751
0.038089
0.061291
0.080223
0.091399
0.092864
0.084582
0.068114
0.046639
0.024284
0.0048005
-0.0071369
-0.0088166
0.00047669
0.020886
0.046261
0.070998
0.089589
0.096291
0.091439
0.076198
0.053806
0.028762
0.0063986
-0.0085989
-0.013021
-0.0045542
0.013516
0.037214
0.06147
0.080575
0.09134
0.091642
0.081444
0.061909
0.038221
0.015525
-0.0012497
-0.0073462
-0.0027756
0.011374
0.032105
0.05528
0.075902
0.08959
0.093318
0.084911
0.067353
0.04432
0.020561
0.0014447
-0.009841
-0.0111
-0.0020698
0.015988
0.038907
0.061994
0.080467
0.090282
0.089317
0.077413
0.056599
0.029136
0.002707
-0.016697
-0.024478
-0.015887
0.0041337
0.030828
0.058116
0.078389
0.08936
0.089147
0.078142
0.058495
0.034928
0.012529
-0.0039169
-0.01004
-0.005665
0.0081246
0.028364
0.051073
0.071154
0.084253
0.087405
0.078443
0.060612
0.037754
0.01473
-0.0030669
-0.012523
-0.011627
-0.00040109
0.019837
0.044166
0.067535
0.085046
0.09218
0.088301
0.074159
0.052524
0.026987
0.0035978
-0.012615
-0.018021
-0.0096005
0.0090864
0.033967
0.059757
0.080251
0.092292
0.09359
0.083953
0.06477
0.040617
0.016514
-0.0025195
-0.012106
-0.010595
0.0018477
0.022863
0.0496
0.074885
0.093006
0.099692
0.090625
0.070697
0.044625
0.018322
-0.00077595
-0.010769
-0.010034
0.00090043
0.019517
0.041941
0.063575
0.080037
0.0876
0.085266
0.073562
0.054844
0.03215
0.011008
-0.0040188
-0.0095977
-0.002986
0.012748
0.033998
0.056026
0.073545
0.083176
0.08271
0.071995
0.051761
0.027712
0.0051755
-0.010806
-0.015118
-0.0085479
0.0073384
0.029101
0.052047
0.071515
0.083402
0.0851
0.074886
0.056166
0.032888
0.0098569
-0.0073824
-0.016547
-0.016059
-0.0061628
0.011082
0.032437
0.053812
0.071076
0.081145
0.081452
0.071574
0.053098
0.027752
0.002818
-0.015975
-0.024048
-0.016933
0.0016993
0.027853
0.055996
0.07965
0.094678
0.098087
0.089241
0.06838
0.042083
0.016415
-0.0028
-0.008985
-0.0038254
0.010873
0.031438
0.051903
0.06965
0.081418
0.08516
0.080837
0.06871
0.050999
0.031039
0.011428
-0.0020656
-0.0060305
0.0010442
0.020769
0.04611
0.071165
0.090041
0.096051
0.090427
0.074721
0.052577
0.029016
0.0090578
-0.0029207
-0.0042197
0.0072677
0.026998
0.050367
0.072086
0.085511
0.090144
0.085439
0.072589
0.05528
0.03523
0.015674
-0.00021021
-0.011125
-0.013295
-0.0057948
0.010429
0.035056
0.059874
0.078902
0.087279
0.07955
0.060642
0.035045
0.0086576
-0.011289
-0.021986
-0.021327
-0.0095798
0.01165
0.036458
0.059124
0.074386
0.076887
0.068005
0.049786
0.026156
0.0026334
-0.016664
-0.027861
-0.028627
-0.018281
0.00092283
0.025344
0.050287
0.071184
0.083399
0.08416
0.072872
0.049735
0.021197
-0.0067137
-0.028043
-0.03668
-0.032578
-0.016693
0.0077803
0.036013
0.062677
0.082725
0.092432
0.089124
0.075036
0.053499
0.029238
0.0077562
-0.0067795
-0.011197
-0.0042276
0.013675
0.039002
0.067265
0.093447
0.11353
0.12344
0.12172
0.10948
0.087398
0.065346
0.050601
0.048912
0.066814
0.097247
0.13384
0.16856
0.19153
0.19961
0.19042
0.16474
0.12527
0.07978
0.035943
0.00080977
-0.018227
-0.022833
-0.015201
0.00026011
0.016551
0.030429
0.038054
0.03708
0.027488
0.009863
-0.013046
-0.037293
-0.059683
-0.074148
-0.077203
-0.067571
-0.044113
-0.014663
0.014022
0.035259
0.041744
0.034468
0.015085
-0.012302
-0.042125
-0.068105
-0.084841
-0.088833
-0.076947
-0.05474
-0.027558
-0.0015658
0.014482
0.021525
0.019202
0.00872
-0.0047806
-0.022991
-0.044156
-0.065866
-0.088878
-0.10386
-0.10602
-0.09249
-0.058395
-0.013905
0.034012
0.078672
0.11097
0.1364
0.1587
0.18325
0.21846
0.26367
0.31917
0.383
0.4476
0.51254
0.5722
0.61955
0.65484
0.65829
0.62159
0.54279
0.41353
0.27008
0.13745
0.037921
0.0031725
0.0087525
0.039039
0.074509
0.082348
0.07375
0.051019
0.020772
0.00034162
-0.016915
-0.029828
-0.038319
-0.047615
-0.051051
-0.047359
-0.036474
-0.017078
0.0034951
0.020139
0.028354
0.023475
0.0080682
-0.014867
-0.040598
-0.064341
-0.079778
-0.082816
-0.071885
-0.045178
-0.012106
0.019658
0.042725
0.047968
0.039129
0.019241
-0.0064613
-0.029583
-0.047854
-0.0579
-0.057983
-0.049048
-0.031525
-0.0082285
0.016948
0.04079
0.05745
0.063412
0.057151
0.037648
0.011157
-0.016495
-0.039234
-0.050843
-0.050227
-0.037593
-0.015583
0.012386
0.03899
0.058295
0.06596
0.057293
0.038145
0.013682
-0.00995
-0.024391
-0.029878
-0.02598
-0.014167
0.0013856
0.01908
0.035786
0.048654
0.056196
0.056346
0.049017
0.035548
0.017338
-0.00033922
-0.013394
-0.018622
-0.013006
0.00081636
0.019917
0.040287
0.057182
0.067795
0.070065
0.063614
0.049209
0.030787
0.012558
-0.0012119
-0.0068434
-0.0027714
0.010905
0.032129
0.058681
0.08363
0.10167
0.10887
0.10096
0.083201
0.0603
0.03796
0.023515
0.017843
0.02186
0.034492
0.052468
0.072784
0.091452
0.10476
0.11022
0.10612
0.092792
0.072343
0.046957
0.023203
0.006069
-0.00076224
0.0062182
0.02282
0.044777
0.066687
0.082232
0.088693
0.084221
0.069171
0.045206
0.017808
-0.0076009
-0.025948
-0.032312
-0.027101
-0.011712
0.010557
0.034925
0.056919
0.072305
0.07814
0.072872
0.058179
0.0371
0.013917
-0.0070917
-0.020991
-0.02461
-0.016815
0.0028276
0.028306
0.053955
0.074023
0.082558
0.079177
0.064553
0.041601
0.014301
-0.011131
-0.029426
-0.036809
-0.02985
-0.012836
0.0098253
0.032658
0.048889
0.056694
0.054613
0.043203
0.024718
0.0030978
-0.017256
-0.032226
-0.038058
-0.034532
-0.02249
-0.0043592
0.01627
0.035587
0.049985
0.056824
0.054582
0.044317
0.02829
0.009884
-0.0076133
-0.019695
-0.023468
-0.017754
-0.0016747
0.019229
0.040017
0.055726
0.060965
0.056181
0.042414
0.022576
0.00075999
-0.018329
-0.030533
-0.033049
-0.023973
-0.0062882
0.016293
0.039036
0.056927
0.0664
0.065291
0.053535
0.03189
0.0063993
-0.017369
-0.034173
-0.038632
-0.031699
-0.015043
0.0077583
0.031626
0.052155
0.065243
0.068231
0.059779
0.042289
0.019282
-0.0046549
-0.02475
-0.036963
-0.038717
-0.029445
-0.0095455
0.015599
0.040736
0.060642
0.07003
0.068595
0.057021
0.037982
0.01533
-0.0058307
-0.020955
-0.026749
-0.020654
-0.0054173
0.015546
0.037696
0.055791
0.066724
0.068296
0.060187
0.043265
0.021987
0.00096988
-0.015212
-0.022212
-0.019358
-0.0071837
0.011906
0.03457
0.055573
0.070378
0.075629
0.068706
0.052211
0.029523
0.0052686
-0.015449
-0.028595
-0.031414
-0.023187
-0.0042182
0.020143
0.044592
0.063792
0.072471
0.069952
0.056793
0.035695
0.010286
-0.013271
-0.029799
-0.035543
-0.027204
-0.0086807
0.015793
0.040802
0.059922
0.070363
0.07011
0.059278
0.039412
0.015408
-0.0076779
-0.025024
-0.031971
-0.028504
-0.015632
0.0038086
0.025707
0.045624
0.05947
0.064363
0.058522
0.043925
0.023622
0.0018153
-0.017114
-0.028931
-0.03088
-0.022134
-0.0026094
0.022156
0.04691
0.066387
0.074973
0.072742
0.06047
0.040869
0.018267
-0.0031364
-0.019129
-0.026556
-0.02373
-0.011394
0.0080308
0.030684
0.052952
0.068808
0.074357
0.067775
0.047424
0.020381
-0.0071121
-0.028641
-0.037137
-0.032857
-0.016784
0.0076987
0.035737
0.061288
0.078987
0.085074
0.076394
0.057117
0.031765
0.0059964
-0.013309
-0.023848
-0.023833
-0.013574
0.0046706
0.027096
0.049128
0.066286
0.074934
0.073353
0.061688
0.04208
0.01697
-0.0068295
-0.024005
-0.030595
-0.022496
-0.004458
0.019068
0.042573
0.058908
0.066925
0.065426
0.055113
0.038842
0.019333
0.0003736
-0.014371
-0.022366
-0.021482
-0.011605
0.0056092
0.028358
0.050291
0.066464
0.073046
0.066332
0.049913
0.02757
0.0043305
-0.014008
-0.024113
-0.023703
-0.012643
0.0081702
0.032993
0.056348
0.07303
0.077683
0.071108
0.054833
0.032294
0.0084178
-0.012403
-0.02605
-0.029789
-0.022234
-0.0055189
0.01701
0.040876
0.061455
0.074424
0.076997
0.068399
0.048699
0.023498
-0.0018291
-0.021892
-0.0312
-0.029394
-0.017132
0.002854
0.026627
0.048837
0.064738
0.070883
0.064524
0.04866
0.026921
0.0041064
-0.014229
-0.02489
-0.025614
-0.016112
0.0025022
0.025757
0.048832
0.066899
0.075601
0.073591
0.061122
0.04054
0.014739
-0.0095581
-0.026935
-0.033341
-0.024873
-0.0058204
0.019466
0.04542
0.065168
0.076358
0.077099
0.067587
0.0498
0.027783
0.0061745
-0.010515
-0.018527
-0.016499
-0.0048177
0.014144
0.037669
0.059098
0.073273
0.076493
0.065052
0.043966
0.018003
-0.0070608
-0.024103
-0.031582
-0.02829
-0.015134
0.0049733
0.02815
0.049811
0.065669
0.072361
0.068723
0.055364
0.03478
0.0099754
-0.012867
-0.028788
-0.034158
-0.025821
-0.0073865
0.017135
0.042528
0.062681
0.07446
0.075598
0.065911
0.046637
0.022524
-0.0014135
-0.02023
-0.029216
-0.027625
-0.015964
0.0032956
0.0265
0.048546
0.064803
0.071772
0.067007
0.052311
0.030701
0.006614
-0.015475
-0.030169
-0.033982
-0.02563
-0.0041451
0.023225
0.050146
0.070365
0.07673
0.070764
0.054178
0.030806
0.0064902
-0.014718
-0.028685
-0.032747
-0.025723
-0.0097232
0.011882
0.034662
0.053974
0.065918
0.067997
0.059665
0.041341
0.018205
-0.0046624
-0.022208
-0.029528
-0.026045
-0.012415
0.0086609
0.033614
0.056507
0.072386
0.077699
0.069335
0.051179
0.027401
0.0032686
-0.015105
-0.024966
-0.024444
-0.01379
0.0055881
0.028389
0.049512
0.06426
0.067744
0.061291
0.046669
0.027239
0.008018
-0.0080917
-0.018031
-0.019941
-0.013567
3.6809e-005
0.018358
0.037953
0.05551
0.066881
0.069425
0.062123
0.044844
0.021895
-0.0022261
-0.022703
-0.035231
-0.037316
-0.028341
-0.0099081
0.016255
0.042289
0.062106
0.070923
0.063452
0.045012
0.020397
-0.0043287
-0.021338
-0.02907
-0.026081
-0.013143
0.0068979
0.030001
0.05141
0.066672
0.072149
0.066962
0.051917
0.029755
0.0038754
-0.019609
-0.035705
-0.040809
-0.031941
-0.012608
0.013134
0.039989
0.061925
0.075342
0.077736
0.068773
0.049259
0.024689
0.00044108
-0.018272
-0.026043
-0.023273
-0.011073
0.0075933
0.028231
0.046896
0.059749
0.064154
0.058617
0.044967
0.026082
0.005871
-0.011557
-0.022506
-0.024582
-0.017159
-0.00037265
0.02088
0.041899
0.058014
0.064446
0.061106
0.048758
0.029969
0.0083873
-0.011296
-0.024919
-0.029507
-0.022943
-0.0076416
0.013165
0.035132
0.053584
0.064763
0.066219
0.057447
0.038703
0.015512
-0.0069463
-0.023626
-0.029213
-0.024217
-0.0098036
0.011014
0.033633
0.054068
0.068353
0.073675
0.068732
0.054557
0.033776
0.010323
-0.012258
-0.028148
-0.033733
-0.027477
-0.00787
0.017747
0.043151
0.062171
0.067705
0.061318
0.044762
0.021901
-0.0016605
-0.021443
-0.033245
-0.034507
-0.023739
-0.0044764
0.01911
0.042023
0.058592
0.066598
0.064629
0.053208
0.034435
0.012348
-0.0085967
-0.024162
-0.030913
-0.027707
-0.015083
0.0045465
0.028382
0.050165
0.064985
0.069304
0.059768
0.04068
0.016349
-0.0078786
-0.025497
-0.034491
-0.03332
-0.022446
-0.0041961
0.017705
0.03882
0.054845
0.062458
0.059892
0.047357
0.027064
0.0013905
-0.022509
-0.039149
-0.044461
-0.034368
-0.013724
0.012758
0.039186
0.058391
0.068113
0.066652
0.054557
0.034046
0.009983
-0.012497
-0.02862
-0.034091
-0.028805
-0.01396
0.007352
0.031187
0.052107
0.065644
0.068829
0.059257
0.040954
0.018172
-0.0039657
-0.019399
-0.026286
-0.02335
-0.011252
0.0075374
0.029391
0.050006
0.065263
0.072046
0.068689
0.055464
0.034565
0.0084739
-0.016072
-0.03378
-0.040658
-0.032972
-0.014649
0.010131
0.03589
0.056136
0.067647
0.068057
0.057197
0.036326
0.010569
-0.014759
-0.034457
-0.043425
-0.041276
-0.028734
-0.0085145
0.015257
0.037793
0.054574
0.062222
0.058548
0.045064
0.024608
0.001413
-0.020189
-0.034973
-0.039467
-0.03226
-0.012458
0.013596
0.040092
0.061115
0.07021
0.067601
0.054191
0.033065
0.0088253
-0.013395
-0.028856
-0.034206
-0.02707
-0.010277
0.012461
0.036217
0.055504
0.066558
0.066837
0.055905
0.034526
0.0080325
-0.018189
-0.038781
-0.048623
-0.046886
-0.03413
-0.013082
0.012702
0.036795
0.053901
0.060193
0.052096
0.034028
0.01045
-0.013094
-0.02982
-0.037781
-0.035495
-0.023561
-0.0043532
0.018008
0.038908
0.054019
0.059602
0.055138
0.041506
0.021383
-0.001584
-0.022327
-0.036419
-0.040633
-0.032951
-0.015256
0.0092528
0.035976
0.060496
0.076966
0.081709
0.073353
0.050592
0.021439
-0.0073539
-0.029209
-0.036256
-0.030962
-0.015497
0.0059455
0.026736
0.044086
0.054645
0.056524
0.049405
0.035092
0.016567
-0.0024579
-0.017759
-0.027099
-0.028869
-0.022843
-0.010574
0.006184
0.024439
0.040818
0.05334
0.057678
0.052155
0.037064
0.012058
-0.01439
-0.036003
-0.047438
-0.042493
-0.025931
-0.0019957
0.023506
0.043158
0.054142
0.054106
0.042997
0.022114
-0.0030185
-0.026921
-0.044418
-0.050104
-0.044994
-0.030684
-0.010574
0.010245
0.028187
0.039637
0.042266
0.035305
0.020192
-0.00019546
-0.021918
-0.041317
-0.053616
-0.055947
-0.047408
-0.027499
-0.0025627
0.021759
0.039909
0.045957
0.040554
0.02504
0.0028274
-0.021232
-0.042096
-0.055191
-0.057426
-0.04689
-0.026441
3.7524e-005
0.027467
0.05025
0.064432
0.067334
0.058419
0.038647
0.013029
-0.012978
-0.033729
-0.044342
-0.04216
-0.026742
-0.00018277
0.035294
0.070727
0.099239
0.11553
0.11369
0.10002
0.080004
0.060368
0.049599
0.048672
0.058286
0.076545
0.10002
0.12234
0.13759
0.14105
0.12773
0.10175
0.067133
0.029323
-0.0035628
-0.030522
-0.049388
-0.059389
-0.063079
-0.058745
-0.047809
-0.032716
-0.013877
0.00068438
0.0065396
0.0011465
-0.019396
-0.045939
-0.071767
-0.090264
-0.0928
-0.083345
-0.064842
-0.042173
-0.022932
-0.0091393
-0.003601
-0.0074628
-0.019749
-0.038722
-0.061058
-0.082783
-0.099973
-0.10944
-0.10932
-0.099422
-0.081641
-0.058731
-0.034868
-0.01473
-0.0010567
0.00032896
-0.012614
-0.039006
-0.079118
-0.1195
-0.15012
-0.16229
-0.14556
-0.10688
-0.051884
0.011545
0.072093
0.12803
0.17667
0.21776
0.25444
0.28796
0.3215
0.35801
0.39611
0.44069
0.49049
0.54067
0.59228
0.62066
0.61199
0.55811
0.44467
0.30462
0.1618
0.040024
-0.026793
-0.054082
-0.050014
-0.027966
-0.014193
-0.0024716
0.0046418
0.0070376
0.013082
0.013097
0.0052704
-0.010886
-0.038658
-0.067665
-0.091526
-0.10473
-0.10112
-0.084948
-0.060295
-0.032987
-0.010063
0.0042926
0.0069762
-0.0025874
-0.024435
-0.050846
-0.075195
-0.091382
-0.091867
-0.080685
-0.061039
-0.037778
-0.018886
-0.0046982
0.0028986
0.0033169
-0.00088351
-0.011178
-0.026095
-0.043236
-0.061909
-0.075084
-0.078891
-0.071238
-0.049385
-0.021145
0.0071916
0.029176
0.037466
0.032868
0.016649
-0.0075526
-0.034675
-0.05872
-0.074461
-0.078397
-0.067483
-0.046567
-0.02052
0.0048691
0.022343
0.030838
0.029377
0.018967
0.0029098
-0.016046
-0.034036
-0.04741
-0.053794
-0.051108
-0.039383
-0.020432
0.0039607
0.027097
0.043929
0.050654
0.043185
0.026213
0.0040208
-0.018098
-0.03318
-0.040259
-0.038191
-0.027603
-0.011451
0.0082976
0.028282
0.045109
0.0569
0.060303
0.054494
0.040515
0.018763
-0.002744
-0.018288
-0.023387
-0.012548
0.0081423
0.033716
0.058168
0.073294
0.079155
0.075208
0.062851
0.046122
0.027037
0.0090877
-0.0044664
-0.011964
-0.010789
-0.00073554
0.016656
0.04003
0.062388
0.078466
0.084143
0.075227
0.055736
0.029704
0.0024669
-0.019532
-0.033271
-0.036463
-0.028948
-0.012047
0.0094537
0.030479
0.046044
0.051465
0.046053
0.030463
0.0073843
-0.019466
-0.044352
-0.062299
-0.069611
-0.063416
-0.046447
-0.022303
0.0040614
0.027124
0.042585
0.047453
0.04087
0.022945
-0.00063435
-0.024377
-0.042815
-0.050297
-0.046839
-0.033374
-0.012904
0.010383
0.031133
0.044698
0.047884
0.038116
0.019121
-0.0049976
-0.029138
-0.047261
-0.057075
-0.056933
-0.047142
-0.029482
-0.0081368
0.0124
0.027848
0.034104
0.031005
0.019315
0.0013968
-0.018905
-0.038244
-0.053089
-0.060718
-0.060071
-0.050695
-0.034141
-0.013406
0.0092464
0.026892
0.035135
0.031471
0.01298
-0.012805
-0.039639
-0.06101
-0.069196
-0.065202
-0.050192
-0.027613
-0.0026379
0.019712
0.034742
0.039301
0.031062
0.013629
-0.0088741
-0.031352
-0.047903
-0.056147
-0.0545
-0.043397
-0.02456
-0.0027176
0.017391
0.031399
0.035059
0.029016
0.014691
-0.0048897
-0.025314
-0.043061
-0.054698
-0.057933
-0.051927
-0.037814
-0.018154
0.0034004
0.023454
0.037125
0.041355
0.034912
0.017009
-0.0066009
-0.030639
-0.049712
-0.058171
-0.055711
-0.04296
-0.022649
0.0014853
0.023641
0.038899
0.04375
0.035008
0.016782
-0.0067102
-0.03023
-0.047159
-0.055903
-0.055025
-0.044928
-0.028073
-0.0071787
0.013955
0.031503
0.042513
0.044644
0.03738
0.021943
0.0001747
-0.022531
-0.04148
-0.052696
-0.052824
-0.042975
-0.025355
-0.0037663
0.017768
0.033686
0.040111
0.03513
0.017077
-0.0075872
-0.033095
-0.053464
-0.061896
-0.058821
-0.045132
-0.023883
0.00034163
0.022518
0.038005
0.043551
0.036572
0.020385
-0.0012274
-0.023475
-0.040494
-0.0502
-0.050933
-0.042808
-0.027733
-0.0086977
0.010443
0.025791
0.034377
0.033891
0.023988
0.0062048
-0.017715
-0.041116
-0.058725
-0.066347
-0.059871
-0.042787
-0.01884
0.006828
0.028112
0.041423
0.0441
0.035621
0.016729
-0.0073645
-0.031345
-0.049935
-0.058064
-0.055068
-0.041629
-0.020571
0.0045202
0.027193
0.042227
0.045963
0.034981
0.01413
-0.011782
-0.036927
-0.054152
-0.061772
-0.058479
-0.045108
-0.024505
-0.00060132
0.021952
0.038768
0.046422
0.043534
0.030582
0.0099863
-0.015461
-0.0392
-0.056085
-0.062358
-0.054293
-0.036401
-0.01303
0.01044
0.02719
0.035807
0.035
0.025373
0.0095224
-0.0095835
-0.028081
-0.042256
-0.049278
-0.047568
-0.03726
-0.020176
0.0014311
0.022017
0.037076
0.043143
0.037211
0.021985
0.00073137
-0.02204
-0.041231
-0.053095
-0.05502
-0.046365
-0.027498
-0.0035989
0.020188
0.038699
0.046819
0.043951
0.03066
0.009578
-0.015642
-0.039261
-0.056323
-0.063167
-0.05665
-0.040057
-0.017131
0.0071903
0.026933
0.039292
0.042081
0.035015
0.019468
-0.00093793
-0.021888
-0.038967
-0.048511
-0.04839
-0.038374
-0.020276
0.0038973
0.026991
0.043452
0.049029
0.039273
0.018997
-0.0072268
-0.033598
-0.052752
-0.062748
-0.061875
-0.05053
-0.031175
-0.0074966
0.015927
0.034591
0.044821
0.044726
0.034275
0.015424
-0.0092588
-0.033501
-0.052085
-0.060908
-0.05632
-0.041159
-0.018885
0.005602
0.026716
0.040241
0.043202
0.034785
0.014994
-0.010115
-0.034875
-0.053719
-0.06041
-0.056014
-0.041883
-0.02125
0.00049048
0.020326
0.034652
0.040903
0.038543
0.027194
0.0086985
-0.013688
-0.037474
-0.055742
-0.064147
-0.060298
-0.04148
-0.015256
0.012062
0.033932
0.042573
0.039101
0.024729
0.0029216
-0.020846
-0.042146
-0.05651
-0.060883
-0.053506
-0.036692
-0.013926
0.010125
0.030529
0.043092
0.045114
0.035988
0.016006
-0.0090068
-0.033503
-0.05202
-0.059067
-0.054608
-0.03967
-0.017407
0.0079413
0.030549
0.045475
0.049323
0.039464
0.01974
-0.0054624
-0.030636
-0.049704
-0.059291
-0.057313
-0.044026
-0.020734
0.0061333
0.030615
0.047231
0.050302
0.041396
0.02265
-0.0018932
-0.026418
-0.047011
-0.059818
-0.062496
-0.054306
-0.037282
-0.014785
0.0088223
0.029156
0.042105
0.045106
0.037526
0.019571
-0.0034648
-0.026506
-0.044513
-0.052283
-0.049776
-0.037779
-0.018969
0.0026238
0.022523
0.036529
0.041589
0.035708
0.020714
-0.00046612
-0.023684
-0.044514
-0.058647
-0.063164
-0.057022
-0.039931
-0.017156
0.0062508
0.025141
0.034164
0.032956
0.022062
0.004004
-0.017573
-0.037542
-0.051387
-0.055842
-0.048316
-0.031786
-0.0098374
0.012816
0.030905
0.041056
0.041033
0.030625
0.010556
-0.013692
-0.036909
-0.054107
-0.060058
-0.055511
-0.0418
-0.022031
-0.00085259
0.018015
0.0309
0.035323
0.030116
0.016793
-0.0019041
-0.022186
-0.0401
-0.051713
-0.054409
-0.047283
-0.030354
-0.0080781
0.014966
0.033984
0.044333
0.044499
0.034314
0.01563
-0.0089091
-0.03335
-0.052588
-0.062559
-0.05944
-0.046116
-0.025857
-0.0032622
0.015963
0.02878
0.032724
0.027142
0.012728
-0.0067252
-0.026981
-0.043677
-0.052603
-0.052613
-0.043739
-0.0278
-0.0075705
0.012124
0.026964
0.033559
0.029369
0.015988
-0.0038898
-0.026177
-0.046735
-0.060341
-0.063586
-0.055144
-0.033967
-0.0070055
0.019631
0.039839
0.046787
0.041442
0.025201
0.0016287
-0.024021
-0.046927
-0.062536
-0.067781
-0.06044
-0.043724
-0.021406
0.0017873
0.019996
0.031335
0.034185
0.028563
0.016478
-2.9207e-005
-0.017712
-0.033139
-0.04396
-0.04707
-0.041495
-0.028019
-0.0073529
0.013862
0.030476
0.038211
0.032591
0.016971
-0.0052118
-0.029117
-0.04892
-0.061177
-0.063312
-0.054807
-0.036123
-0.012697
0.010227
0.02753
0.033915
0.029777
0.016279
-0.0035122
-0.025255
-0.044323
-0.056566
-0.059206
-0.050396
-0.033057
-0.010839
0.011614
0.029188
0.03872
0.038159
0.027406
0.0076038
-0.016494
-0.039988
-0.058065
-0.066325
-0.063847
-0.051157
-0.030792
-0.0058942
0.017216
0.033448
0.039112
0.030649
0.012452
-0.011163
-0.034862
-0.051927
-0.060871
-0.060389
-0.051079
-0.035457
-0.016651
0.0014077
0.014971
0.021171
0.01861
0.0075902
-0.0098762
-0.031305
-0.051108
-0.064744
-0.068789
-0.06038
-0.042336
-0.018128
0.0074901
0.029244
0.043006
0.045929
0.037244
0.017318
-0.0084895
-0.034743
-0.055907
-0.066695
-0.065821
-0.053541
-0.032421
-0.0057287
0.019388
0.037133
0.043222
0.033555
0.012897
-0.013935
-0.040859
-0.060529
-0.070358
-0.068444
-0.055251
-0.032813
-0.0065592
0.017996
0.035741
0.041638
0.036394
0.021554
0.00049465
-0.021809
-0.041461
-0.054639
-0.058802
-0.052841
-0.038326
-0.018155
0.0036785
0.022995
0.035652
0.038866
0.031628
0.014163
-0.00933
-0.034177
-0.055328
-0.068328
-0.070281
-0.060351
-0.040059
-0.01118
0.01807
0.041138
0.052691
0.046978
0.028699
0.0023167
-0.026152
-0.048679
-0.063006
-0.066835
-0.05999
-0.044581
-0.023718
-0.0017467
0.016816
0.028363
0.030098
0.021358
0.0035962
-0.021345
-0.046373
-0.065723
-0.07471
-0.068783
-0.051329
-0.026154
0.001324
0.024705
0.039657
0.042978
0.033792
0.012422
-0.01512
-0.042857
-0.064782
-0.074773
-0.072427
-0.058485
-0.036014
-0.009298
0.015448
0.03285
0.039055
0.030802
0.012021
-0.012939
-0.038521
-0.058176
-0.069039
-0.069076
-0.058451
-0.038647
-0.014922
0.0075127
0.023782
0.02891
0.023761
0.0098305
-0.0096849
-0.030024
-0.047755
-0.059449
-0.062882
-0.057158
-0.043799
-0.025504
-0.0059099
0.011341
0.022492
0.025178
0.018707
0.0029685
-0.017162
-0.037148
-0.052488
-0.058318
-0.055019
-0.043458
-0.026122
-0.0069586
0.010729
0.023543
0.029023
0.026084
0.015282
-0.001321
-0.02048
-0.03923
-0.05244
-0.056828
-0.050864
-0.033339
-0.010029
0.013783
0.032577
0.040623
0.037188
0.022661
-0.00030483
-0.028098
-0.054147
-0.072893
-0.080195
-0.072259
-0.053147
-0.027208
-0.00010452
0.021236
0.033963
0.035816
0.026682
0.00839
-0.015038
-0.038763
-0.057877
-0.068292
-0.06776
-0.056079
-0.035281
-0.0078366
0.018782
0.038565
0.046816
0.039005
0.019221
-0.0081636
-0.037252
-0.06092
-0.07553
-0.07831
-0.068866
-0.048311
-0.022213
0.0036649
0.023631
0.032004
0.028417
0.013642
-0.009377
-0.036069
-0.061332
-0.080251
-0.089117
-0.085649
-0.07113
-0.048483
-0.022236
0.0032372
0.021493
0.028349
0.021949
0.00053356
-0.027893
-0.05648
-0.078378
-0.08552
-0.079739
-0.062869
-0.039012
-0.014559
0.0064962
0.019933
0.023109
0.015231
-0.0017733
-0.024338
-0.047721
-0.067716
-0.078743
-0.077712
-0.063999
-0.037012
-0.0055745
0.023068
0.042204
0.044299
0.032526
0.010164
-0.017239
-0.042363
-0.060108
-0.066056
-0.058099
-0.035104
-0.0030697
0.032079
0.064056
0.085347
0.096163
0.096717
0.089157
0.077724
0.06499
0.05411
0.047367
0.046525
0.049926
0.055515
0.060607
0.061072
0.057025
0.047868
0.033714
0.017306
-0.0033337
-0.027456
-0.053412
-0.08179
-0.10455
-0.11725
-0.11715
-0.099912
-0.074611
-0.047947
-0.02677
-0.020014
-0.024832
-0.039315
-0.059558
-0.079006
-0.095528
-0.10613
-0.10913
-0.10464
-0.093692
-0.078809
-0.063301
-0.050232
-0.043225
-0.044364
-0.054119
-0.072055
-0.093815
-0.11498
-0.13105
-0.13882
-0.13576
-0.12191
-0.099753
-0.070907
-0.045812
-0.031554
-0.032966
-0.056279
-0.090546
-0.12686
-0.1553
-0.16287
-0.15041
-0.11782
-0.06797
-0.0078449
0.059743
0.12969
0.19732
0.26081
0.31488
0.35794
0.39034
0.40862
0.42445
0.44298
0.46624
0.50327
0.52978
0.53179
0.49851
0.41073
0.29661
0.17474
0.064773
-0.0022095
-0.041183
-0.058044
-0.062087
-0.074954
-0.084382
-0.08835
-0.084289
-0.062216
-0.03653
-0.014283
-0.0021101
-0.0096373
-0.029968
-0.058507
-0.088914
-0.11297
-0.12769
-0.13045
-0.12109
-0.10096
-0.075699
-0.050994
-0.032236
-0.025435
-0.029078
-0.041529
-0.059479
-0.077183
-0.092971
-0.10412
-0.10884
-0.10759
-0.09904
-0.084276
-0.065618
-0.04417
-0.026891
-0.017962
-0.019861
-0.03575
-0.058252
-0.081467
-0.099273
-0.10431
-0.097943
-0.081562
-0.058713
-0.034448
-0.013724
-0.00098116
0.00097356
-0.010109
-0.029793
-0.05356
-0.076156
-0.090802
-0.097059
-0.094246
-0.083339
-0.068009
-0.049244
-0.029909
-0.013002
0.00051669
0.0058475
0.0013241
-0.012809
-0.037059
-0.062836
-0.083799
-0.094483
-0.088638
-0.070646
-0.044534
-0.016007
0.0075682
0.022949
0.027329
0.020137
0.0024795
-0.020944
-0.044903
-0.064088
-0.073477
-0.071744
-0.059072
-0.037838
-0.011148
0.014368
0.033273
0.041516
0.035033
0.018386
-0.0040248
-0.0267
-0.042361
-0.049919
-0.048087
-0.037422
-0.020983
-0.00069284
0.019952
0.037344
0.049514
0.052544
0.0453
0.028667
0.0030269
-0.023175
-0.043694
-0.053427
-0.046579
-0.028324
-0.0033222
0.022292
0.040726
0.049491
0.046492
0.031991
0.0081344
-0.020177
-0.047524
-0.068678
-0.079002
-0.077535
-0.064978
-0.044213
-0.01881
0.0044606
0.020153
0.02439
0.013614
-0.0074829
-0.034122
-0.0604
-0.079199
-0.088288
-0.086035
-0.073058
-0.051752
-0.026822
-0.0033714
0.01382
0.020585
0.016401
0.0022311
-0.019018
-0.043621
-0.065845
-0.08096
-0.085676
-0.077245
-0.059493
-0.03656
-0.013608
0.0033225
0.011765
0.010004
-0.0016546
-0.02131
-0.044698
-0.067137
-0.084115
-0.091681
-0.088926
-0.076425
-0.05666
-0.032848
-0.010759
0.0048007
0.010286
0.0028021
-0.014611
-0.038271
-0.063237
-0.083878
-0.096517
-0.098569
-0.089519
-0.070036
-0.045287
-0.020501
-0.00089675
0.0084376
0.0068111
-0.0052321
-0.025076
-0.04903
-0.071457
-0.087456
-0.093418
-0.08636
-0.069423
-0.046337
-0.022059
-0.002274
0.0095548
0.011005
0.0017173
-0.017517
-0.041539
-0.065209
-0.083501
-0.091221
-0.088548
-0.076416
-0.057588
-0.036276
-0.016562
-0.0023864
0.0034329
-0.00066714
-0.013294
-0.03177
-0.052229
-0.070816
-0.082903
-0.085527
-0.077624
-0.058548
-0.034334
-0.010406
0.0078223
0.014477
0.010076
-0.0042626
-0.025428
-0.048707
-0.069668
-0.084026
-0.088768
-0.082272
-0.066264
-0.04388
-0.019564
0.0024702
0.016673
0.019637
0.010199
-0.01258
-0.041073
-0.068722
-0.089125
-0.094831
-0.087837
-0.070125
-0.045769
-0.021259
0.00011103
0.014486
0.019374
0.014401
9.8822e-005
-0.020934
-0.044825
-0.068188
-0.085025
-0.091592
-0.086177
-0.0672
-0.041593
-0.015388
0.0052763
0.013553
0.010023
-0.0041978
-0.025771
-0.04986
-0.071236
-0.085196
-0.088591
-0.078966
-0.06025
-0.036744
-0.013697
0.0026968
0.01035
0.0078133
-0.0043556
-0.023865
-0.046731
-0.068423
-0.084621
-0.091768
-0.088696
-0.075897
-0.055746
-0.031024
-0.0079848
0.0084435
0.014675
0.0072438
-0.0096141
-0.031724
-0.053906
-0.069605
-0.077349
-0.075824
-0.065561
-0.049104
-0.029306
-0.010005
0.0050169
0.013099
0.011931
0.0012853
-0.017211
-0.041711
-0.0656
-0.083622
-0.091595
-0.085577
-0.068781
-0.044858
-0.018911
0.0033146
0.017458
0.020513
0.011744
-0.0088214
-0.034624
-0.059665
-0.078151
-0.083718
-0.077723
-0.061917
-0.040055
-0.01763
0.0012329
0.012556
0.013875
0.0040896
-0.014208
-0.037356
-0.06073
-0.079397
-0.089914
-0.090098
-0.07972
-0.05974
-0.035011
-0.010501
0.0088545
0.018477
0.017316
0.0057474
-0.013823
-0.038094
-0.061189
-0.078095
-0.085042
-0.078888
-0.062621
-0.039902
-0.015714
0.0043901
0.016351
0.017434
0.0070964
-0.014297
-0.040623
-0.066119
-0.085185
-0.091692
-0.086631
-0.071413
-0.049374
-0.025921
-0.004446
0.011216
0.018337
0.016165
0.0045977
-0.01432
-0.037117
-0.060954
-0.079094
-0.087267
-0.0832
-0.064368
-0.03829
-0.011259
0.010245
0.018518
0.014815
0.00044248
-0.02109
-0.04421
-0.064792
-0.078574
-0.082697
-0.075582
-0.059485
-0.037782
-0.01495
0.0042028
0.015882
0.017601
0.0088234
-0.0099152
-0.033612
-0.057235
-0.075746
-0.084268
-0.08203
-0.069525
-0.049298
-0.024742
-0.0018243
0.014456
0.020443
0.013021
-0.0042885
-0.027493
-0.05139
-0.070002
-0.080062
-0.079342
-0.067785
-0.046578
-0.0212
0.0029117
0.020539
0.02672
0.021324
0.0054758
-0.017618
-0.043806
-0.067116
-0.08259
-0.086845
-0.076967
-0.057333
-0.032477
-0.0079137
0.0096777
0.018426
0.0169
0.0056774
-0.01276
-0.034828
-0.056213
-0.072779
-0.081089
-0.079908
-0.069539
-0.052031
-0.030151
-0.0090865
0.0067502
0.013987
0.0099131
-0.0032666
-0.022577
-0.043799
-0.062199
-0.073915
-0.076247
-0.06837
-0.050347
-0.027244
-0.0040417
0.014211
0.022377
0.01993
0.0073582
-0.012871
-0.03708
-0.060163
-0.077478
-0.085523
-0.081579
-0.067893
-0.047581
-0.025043
-0.0052027
0.0078935
0.011411
0.0044493
-0.012898
-0.035612
-0.058671
-0.076961
-0.08539
-0.083222
-0.070904
-0.050954
-0.026769
-0.0043252
0.011361
0.016622
0.0082497
-0.010038
-0.034154
-0.058819
-0.077791
-0.088162
-0.087829
-0.076791
-0.056536
-0.031826
-0.0077136
0.010868
0.019427
0.017063
0.0043441
-0.016119
-0.040887
-0.063939
-0.08024
-0.086109
-0.078314
-0.060511
-0.036714
-0.012113
0.0071375
0.01817
0.018884
0.0092254
-0.0093222
-0.032353
-0.055067
-0.072744
-0.081076
-0.079103
-0.067282
-0.048023
-0.024488
-0.0025072
0.013075
0.018694
0.011255
-0.0058162
-0.028687
-0.052359
-0.070976
-0.081555
-0.081964
-0.072094
-0.052978
-0.029612
-0.0069439
0.010281
0.017158
0.01414
0.0023123
-0.015577
-0.035218
-0.053333
-0.066529
-0.07243
-0.069981
-0.060044
-0.044814
-0.027541
-0.011319
-0.00053168
0.0020515
-0.0046821
-0.021371
-0.042872
-0.064394
-0.081022
-0.087716
-0.083986
-0.070363
-0.049388
-0.024451
-0.0014218
0.01477
0.020525
0.012745
-0.0050106
-0.028754
-0.053311
-0.072693
-0.083723
-0.084189
-0.074004
-0.054253
-0.030268
-0.0072942
0.0096545
0.015573
0.010772
-0.0035486
-0.024318
-0.047078
-0.067439
-0.081313
-0.085889
-0.079547
-0.064352
-0.043488
-0.021269
-0.0021458
0.0096138
0.011281
0.0021151
-0.017702
-0.042689
-0.067482
-0.086673
-0.095039
-0.091676
-0.077105
-0.054105
-0.02612
-0.00023666
0.017852
0.024028
0.014264
-0.006344
-0.032852
-0.059185
-0.077694
-0.0868
-0.085114
-0.073405
-0.054483
-0.032147
-0.010923
0.0049482
0.011858
0.0090533
-0.0028222
-0.021411
-0.04324
-0.063879
-0.07923
-0.086177
-0.082774
-0.070074
-0.050503
-0.027855
-0.0058251
0.010107
0.016325
0.01115
-0.0068422
-0.031288
-0.056524
-0.076731
-0.085202
-0.082599
-0.069863
-0.049958
-0.027725
-0.0070701
0.0079153
0.014278
0.010436
-0.0024584
-0.021813
-0.043768
-0.064251
-0.078643
-0.08376
-0.078216
-0.061537
-0.038511
-0.014068
0.0064951
0.018147
0.018712
0.0077313
-0.01291
-0.040899
-0.068494
-0.089503
-0.099085
-0.091973
-0.07337
-0.04803
-0.022
-0.0032726
0.0067607
0.0065829
-0.00323
-0.019787
-0.04006
-0.059891
-0.075241
-0.083052
-0.081428
-0.070394
-0.05184
-0.027948
-0.0051274
0.01156
0.018233
0.011094
-0.0060541
-0.029317
-0.053604
-0.072508
-0.083714
-0.085253
-0.077042
-0.060787
-0.039844
-0.018391
-0.0006934
0.0097558
0.010708
0.0017806
-0.015462
-0.039026
-0.062508
-0.080682
-0.08938
-0.084624
-0.069586
-0.047821
-0.024298
-0.0047921
0.0068377
0.0078467
-0.0023436
-0.023193
-0.049024
-0.074233
-0.093272
-0.10059
-0.095968
-0.080311
-0.056731
-0.029481
-0.0045786
0.012783
0.018898
0.010885
-0.0078152
-0.033046
-0.059365
-0.080659
-0.09311
-0.094144
-0.083478
-0.061907
-0.0355
-0.01005
0.0088958
0.015567
0.01071
-0.0042189
-0.025786
-0.048913
-0.069335
-0.082941
-0.086994
-0.079916
-0.064049
-0.042706
-0.020222
-0.0014614
0.010363
0.012996
0.0059305
-0.0098728
-0.030872
-0.052886
-0.071524
-0.083112
-0.085137
-0.077026
-0.060264
-0.036374
-0.012805
0.0047282
0.01175
0.0033555
-0.015486
-0.040242
-0.065154
-0.082828
-0.091619
-0.090035
-0.078692
-0.059965
-0.037999
-0.017387
-0.0023904
0.0031862
-0.00080557
-0.01334
-0.03172
-0.052295
-0.070592
-0.082739
-0.086082
-0.078711
-0.063325
-0.043207
-0.022565
-0.006221
0.0031856
0.0037997
-0.0045522
-0.020521
-0.040825
-0.061491
-0.0784
-0.088348
-0.088743
-0.079069
-0.06083
-0.035415
-0.01052
0.0080309
0.015668
0.0073053
-0.011912
-0.037363
-0.063196
-0.081673
-0.091478
-0.091156
-0.081277
-0.064615
-0.044178
-0.024034
-0.0081476
0.0004812
-7.8541e-005
-0.009874
-0.027136
-0.049553
-0.071287
-0.08748
-0.094293
-0.088466
-0.072374
-0.049216
-0.023657
-0.00069252
0.014642
0.018952
0.011042
-0.0098245
-0.036739
-0.063558
-0.084213
-0.091562
-0.087289
-0.073002
-0.052239
-0.030955
-0.011771
0.0019089
0.0077881
0.0055274
-0.0049991
-0.021914
-0.042143
-0.062755
-0.078634
-0.086278
-0.083722
-0.069881
-0.048725
-0.024648
-0.0027519
0.01255
0.017215
0.0096459
-0.009177
-0.038757
-0.068924
-0.092155
-0.10238
-0.091967
-0.068725
-0.038853
-0.0099156
0.0075012
0.013805
0.0083914
-0.0069659
-0.027305
-0.05022
-0.071601
-0.087733
-0.096222
-0.095276
-0.085123
-0.067673
-0.04551
-0.023827
-0.0070961
0.0011192
-0.0016896
-0.014452
-0.034706
-0.058437
-0.081673
-0.09839
-0.10456
-0.098259
-0.077738
-0.050117
-0.021686
0.0010598
0.010695
0.0077326
-0.0069051
-0.030001
-0.056398
-0.081336
-0.10004
-0.10905
-0.10591
-0.092799
-0.072877
-0.050528
-0.030771
-0.017187
-0.012342
-0.016961
-0.030655
-0.049065
-0.067679
-0.081932
-0.087573
-0.083611
-0.070451
-0.050455
-0.02629
-0.0044886
0.0099987
0.013762
0.003127
-0.016013
-0.038428
-0.058094
-0.067147
-0.065631
-0.053227
-0.031582
-0.0049192
0.024377
0.052512
0.075911
0.09217
0.098824
0.095272
0.082425
0.062027
0.03816
0.014714
-0.0048031
-0.017796
-0.023505
-0.022683
-0.017585
-0.0098892
-0.0058586
-0.0094295
-0.022788
-0.049006
-0.080079
-0.10983
-0.13211
-0.13875
-0.13322
-0.11796
-0.09721
-0.078218
-0.062191
-0.051795
-0.048588
-0.051409
-0.061787
-0.078485
-0.099068
-0.12234
-0.14119
-0.1513
-0.15005
-0.13415
-0.1108
-0.08582
-0.065356
-0.056648
-0.05911
-0.071894
-0.091963
-0.1152
-0.136
-0.14971
-0.15336
-0.14415
-0.12735
-0.10776
-0.090729
-0.08282
-0.083323
-0.091354
-0.10391
-0.11606
-0.12305
-0.11984
-0.1024
-0.067806
-0.016879
0.047995
0.1226
0.20239
0.28015
0.35003
0.40758
0.44584
0.47119
0.48639
0.49353
0.50209
0.49598
0.46824
0.41456
0.32221
0.2179
0.11777
0.036548
-0.00068445
-0.01588
-0.020427
-0.026747
-0.058824
-0.097637
-0.13449
-0.15943
-0.15405
-0.13144
-0.098225
-0.063404
-0.040946
-0.030358
-0.033334
-0.048709
-0.072754
-0.10045
-0.12606
-0.14447
-0.15055
-0.14558
-0.13137
-0.11138
-0.091569
-0.073475
-0.059834
-0.052548
-0.050606
-0.056793
-0.070604
-0.089995
-0.11462
-0.13535
-0.14654
-0.14443
-0.12394
-0.094113
-0.061958
-0.035008
-0.022732
-0.023664
-0.036653
-0.058041
-0.081831
-0.10345
-0.11815
-0.12271
-0.11495
-0.097933
-0.075523
-0.052645
-0.034986
-0.025344
-0.025643
-0.035822
-0.05415
-0.076536
-0.098299
-0.11478
-0.12214
-0.1185
-0.10396
-0.080769
-0.051427
-0.023614
-0.0032987
0.0049981
-0.0031859
-0.02304
-0.049739
-0.077087
-0.097582
-0.1083
-0.10705
-0.094042
-0.071147
-0.043871
-0.017893
0.0014103
0.0090049
0.0048331
-0.0098557
-0.031709
-0.056308
-0.077843
-0.091421
-0.093746
-0.082105
-0.060743
-0.034149
-0.0077827
0.011759
0.022579
0.023224
0.014222
-0.0019122
-0.021839
-0.041357
-0.056378
-0.063698
-0.061557
-0.050009
-0.030949
-0.0067476
0.016542
0.033971
0.041679
0.036261
0.020505
-0.0021988
-0.027099
-0.048708
-0.063111
-0.067489
-0.061072
-0.044017
-0.021817
0.0002166
0.01679
0.022267
0.016838
0.0013719
-0.021342
-0.046859
-0.071114
-0.089994
-0.10045
-0.10061
-0.091623
-0.07589
-0.057057
-0.03893
-0.025959
-0.021166
-0.025845
-0.040709
-0.060743
-0.081203
-0.097196
-0.10352
-0.099935
-0.08702
-0.067244
-0.044099
-0.022699
-0.0074941
-0.0017039
-0.0080892
-0.023433
-0.044169
-0.065713
-0.082342
-0.092041
-0.093107
-0.085514
-0.071092
-0.052412
-0.033101
-0.016977
-0.0066386
-0.0054325
-0.014307
-0.032202
-0.058281
-0.084675
-0.10541
-0.11559
-0.1098
-0.092737
-0.068729
-0.043519
-0.024426
-0.013904
-0.014041
-0.024735
-0.044077
-0.067649
-0.090473
-0.1077
-0.11491
-0.11124
-0.097279
-0.075611
-0.049738
-0.025519
-0.0079491
-0.00074908
-0.0068991
-0.023541
-0.047044
-0.072444
-0.094038
-0.10792
-0.1113
-0.10344
-0.084883
-0.060696
-0.036126
-0.016499
-0.0068523
-0.0084304
-0.020952
-0.041904
-0.067882
-0.092314
-0.10968
-0.11583
-0.1072
-0.087458
-0.060852
-0.033091
-0.01041
0.0026217
0.0030525
-0.0095106
-0.034646
-0.064776
-0.093092
-0.11317
-0.11794
-0.10948
-0.090163
-0.064479
-0.038928
-0.017682
-0.0048342
-0.002744
-0.012279
-0.03049
-0.053418
-0.076282
-0.093821
-0.10341
-0.1034
-0.09403
-0.076995
-0.056335
-0.036446
-0.021571
-0.015117
-0.018428
-0.031054
-0.050606
-0.074443
-0.095814
-0.10955
-0.11193
-0.09933
-0.076729
-0.048973
-0.02198
-0.0028001
0.0063345
0.0038574
-0.0095275
-0.031336
-0.056736
-0.080521
-0.097838
-0.10436
-0.099775
-0.085157
-0.063521
-0.038918
-0.01677
-0.0017532
0.002817
-0.0052621
-0.023451
-0.048132
-0.07439
-0.096988
-0.11133
-0.11439
-0.10532
-0.084235
-0.057267
-0.030305
-0.0092335
0.00010369
-0.0028036
-0.017176
-0.039903
-0.06695
-0.091543
-0.10814
-0.11288
-0.10195
-0.080835
-0.054697
-0.029627
-0.013547
-0.006941
-0.010542
-0.023086
-0.04057
-0.060946
-0.080577
-0.095962
-0.10518
-0.1052
-0.095478
-0.077308
-0.051861
-0.026344
-0.0062916
0.0037964
-0.00066839
-0.016117
-0.038849
-0.063716
-0.084341
-0.097466
-0.10049
-0.092855
-0.075436
-0.052834
-0.029981
-0.011847
-0.0030576
-0.0047746
-0.01667
-0.036324
-0.060595
-0.083125
-0.098704
-0.1035
-0.093933
-0.074221
-0.048728
-0.023
-0.0036737
0.0066014
0.0058831
-0.0056045
-0.025939
-0.050524
-0.074314
-0.092414
-0.10046
-0.097487
-0.084073
-0.062831
-0.037154
-0.013194
0.0039363
0.010473
0.0032308
-0.014365
-0.03836
-0.063541
-0.083822
-0.095863
-0.097268
-0.087768
-0.068371
-0.044221
-0.020533
-0.0024074
0.0051214
0.0018253
-0.01147
-0.031986
-0.055611
-0.077546
-0.093356
-0.099808
-0.094666
-0.080018
-0.058972
-0.03588
-0.015475
-0.0019441
0.0018483
-0.0050281
-0.022499
-0.045531
-0.069051
-0.087851
-0.096701
-0.094707
-0.082153
-0.061433
-0.036046
-0.011737
0.0064009
0.014453
0.0092944
-0.0066421
-0.029976
-0.055854
-0.07866
-0.094011
-0.098663
-0.091439
-0.072514
-0.046764
-0.019492
0.0036457
0.017397
0.019247
0.0085985
-0.012664
-0.042117
-0.071749
-0.095057
-0.10688
-0.10171
-0.084517
-0.059975
-0.034193
-0.015111
-0.004757
-0.0050268
-0.015589
-0.034135
-0.05659
-0.078207
-0.094454
-0.10117
-0.097885
-0.085341
-0.066079
-0.043691
-0.022891
-0.007873
-0.0016851
-0.0064329
-0.020063
-0.039563
-0.060743
-0.079054
-0.090544
-0.092544
-0.084266
-0.065795
-0.042274
-0.018739
-0.00029051
0.0079672
0.005382
-0.0075708
-0.028373
-0.053315
-0.076988
-0.094515
-0.10219
-0.097116
-0.081626
-0.058983
-0.033838
-0.011399
0.0038993
0.0089025
0.0024863
-0.015491
-0.039732
-0.064965
-0.085768
-0.096374
-0.09635
-0.086083
-0.067981
-0.045954
-0.024603
-0.0083885
-0.00073559
-0.0039017
-0.016652
-0.036374
-0.059022
-0.080434
-0.095322
-0.10013
-0.093319
-0.073713
-0.047785
-0.021355
-0.00036629
0.008567
0.0058403
-0.0076114
-0.028712
-0.052756
-0.074969
-0.090809
-0.097064
-0.091344
-0.076435
-0.055807
-0.034005
-0.016404
-0.0057471
-0.0040773
-0.011657
-0.027196
-0.047251
-0.067723
-0.084401
-0.093647
-0.093556
-0.083873
-0.066236
-0.042835
-0.019715
-0.0019206
0.0064984
0.0020076
-0.012987
-0.035287
-0.060177
-0.082436
-0.097216
-0.10115
-0.093077
-0.072468
-0.045877
-0.019337
0.0011129
0.0089676
0.0046436
-0.010711
-0.033725
-0.059424
-0.082599
-0.098425
-0.10354
-0.095585
-0.077588
-0.053421
-0.028134
-0.0074128
0.0051938
0.0072531
-0.0015854
-0.020298
-0.044032
-0.06769
-0.086202
-0.094843
-0.092609
-0.079962
-0.059475
-0.03444
-0.011291
0.0047192
0.0097633
0.00048409
-0.01911
-0.044643
-0.070503
-0.090209
-0.10053
-0.099279
-0.086587
-0.063896
-0.037081
-0.011913
0.006155
0.011904
0.0055432
-0.011517
-0.035749
-0.06252
-0.086005
-0.1013
-0.10516
-0.094992
-0.075102
-0.050081
-0.025488
-0.0078743
0.00064771
-0.0013899
-0.013366
-0.032774
-0.055628
-0.077296
-0.09336
-0.10014
-0.096475
-0.082848
-0.061652
-0.036109
-0.011943
0.0059252
0.013719
0.0086098
-0.0073803
-0.031081
-0.057806
-0.08253
-0.09996
-0.10644
-0.10048
-0.081241
-0.055125
-0.028089
-0.0062396
0.0037679
0.0019474
-0.010959
-0.031975
-0.056392
-0.079262
-0.095793
-0.10247
-0.096942
-0.081259
-0.05869
-0.033892
-0.011709
0.0028579
0.0065391
-0.0017356
-0.02249
-0.048962
-0.075071
-0.09483
-0.10145
-0.096244
-0.080763
-0.058585
-0.035304
-0.014633
-0.00050749
0.0044518
-0.00072924
-0.014775
-0.034846
-0.056938
-0.07714
-0.090645
-0.094403
-0.087297
-0.068664
-0.04455
-0.020421
-0.0017546
0.0054633
0.0017069
-0.01199
-0.032616
-0.055429
-0.076302
-0.091076
-0.096774
-0.091849
-0.077593
-0.056804
-0.03361
-0.012019
0.0025141
0.0064753
-0.0015839
-0.022558
-0.050026
-0.078024
-0.10041
-0.11058
-0.10827
-0.0941
-0.071011
-0.04354
-0.017342
0.0022827
0.011327
0.0069478
-0.0087916
-0.032516
-0.059279
-0.083751
-0.10055
-0.10598
-0.098642
-0.077785
-0.050227
-0.022237
-0.00013487
0.009087
0.0060081
-0.0082397
-0.030287
-0.054887
-0.077362
-0.093098
-0.098867
-0.092583
-0.076618
-0.054385
-0.030487
-0.010035
0.003199
0.0066227
-0.00040356
-0.017316
-0.039416
-0.061815
-0.07956
-0.087895
-0.085813
-0.073645
-0.05378
-0.029476
-0.0067461
0.009312
0.01487
0.0067968
-0.011869
-0.037322
-0.064351
-0.08718
-0.10138
-0.10396
-0.094197
-0.07227
-0.0447
-0.017585
0.0030999
0.01099
0.0067064
-0.008443
-0.031014
-0.055814
-0.078227
-0.093785
-0.099414
-0.093266
-0.077635
-0.055915
-0.032659
-0.012781
-0.00022997
0.0023741
-0.0056054
-0.023762
-0.046973
-0.070135
-0.088141
-0.095853
-0.092849
-0.079758
-0.059212
-0.03497
-0.012364
0.0038907
0.010315
0.0042127
-0.011779
-0.034239
-0.058498
-0.079197
-0.092701
-0.096397
-0.089623
-0.07281
-0.050785
-0.028436
-0.010684
-0.0024987
-0.0043742
-0.015816
-0.034428
-0.05642
-0.077291
-0.092715
-0.099374
-0.095164
-0.081199
-0.060045
-0.035726
-0.012166
0.0047894
0.011288
0.0055452
-0.01391
-0.040301
-0.067552
-0.089405
-0.098823
-0.096183
-0.082396
-0.060642
-0.035808
-0.012999
0.0029286
0.0085003
0.0014314
-0.01588
-0.039867
-0.065621
-0.087857
-0.102
-0.10499
-0.095997
-0.075
-0.048311
-0.021853
-0.0014824
0.0066168
0.0027598
-0.011941
-0.034223
-0.059271
-0.082065
-0.097946
-0.10366
-0.096845
-0.080455
-0.058172
-0.034775
-0.01595
-0.0044868
-0.0025094
-0.010317
-0.026372
-0.047552
-0.069751
-0.088621
-0.10074
-0.10304
-0.094652
-0.0768
-0.05088
-0.024424
-0.0034234
0.0071869
0.0025167
-0.013948
-0.038339
-0.065104
-0.08777
-0.10172
-0.10365
-0.092722
-0.068888
-0.039366
-0.010739
0.010615
0.017627
0.011776
-0.0050969
-0.02899
-0.053864
-0.07558
-0.089952
-0.094336
-0.087448
-0.071814
-0.051007
-0.029553
-0.012457
-0.0027724
-0.0025155
-0.01185
-0.029322
-0.051182
-0.073
-0.090226
-0.099398
-0.097738
-0.084848
-0.062613
-0.032645
-0.0039502
0.016794
0.024451
0.013226
-0.010423
-0.04082
-0.070964
-0.091744
-0.10192
-0.10015
-0.087532
-0.067492
-0.04418
-0.022548
-0.0071138
-0.0015394
-0.0064298
-0.020772
-0.041699
-0.065503
-0.086789
-0.10107
-0.10524
-0.097011
-0.079608
-0.056916
-0.033909
-0.015831
-0.0064738
-0.0081132
-0.020798
-0.043817
-0.070596
-0.095228
-0.11223
-0.11568
-0.10742
-0.089657
-0.06642
-0.043553
-0.024717
-0.013556
-0.012204
-0.021213
-0.038487
-0.060664
-0.083479
-0.10247
-0.1141
-0.11608
-0.10792
-0.090174
-0.067199
-0.043502
-0.023658
-0.012093
-0.0098891
-0.016975
-0.03147
-0.050743
-0.06967
-0.083901
-0.090123
-0.084868
-0.07158
-0.053424
-0.034356
-0.02026
-0.010748
-0.0063525
-0.0065418
-0.0078648
-0.011871
-0.017475
-0.023057
-0.029359
-0.029804
-0.021415
-0.0029852
0.027747
0.061677
0.091793
0.11126
0.11298
0.097941
0.068247
0.028764
-0.015105
-0.054111
-0.081354
-0.092562
-0.08291
-0.062158
-0.038354
-0.020008
-0.018048
-0.029822
-0.053399
-0.084148
-0.11416
-0.13983
-0.15662
-0.16165
-0.15421
-0.13588
-0.11026
-0.082333
-0.056939
-0.039968
-0.035184
-0.044016
-0.067054
-0.097502
-0.12889
-0.15457
-0.16765
-0.16741
-0.15437
-0.13163
-0.10323
-0.076659
-0.058059
-0.051814
-0.062985
-0.084855
-0.1119
-0.13783
-0.15342
-0.16085
-0.16052
-0.1543
-0.14773
-0.13843
-0.12684
-0.11317
-0.094957
-0.076262
-0.057974
-0.039921
-0.023468
-0.0014711
0.030533
0.075945
0.1396
0.21428
0.29407
0.37184
0.43531
0.48627
0.52219
0.54093
0.5492
0.53123
0.48236
0.40237
0.28308
0.1575
0.046446
-0.032644
-0.05284
-0.041386
-0.015211
0.0069042
-0.0058951
-0.037176
-0.079543
-0.12178
-0.14269
-0.14901
-0.14122
-0.12291
-0.10325
-0.082678
-0.065159
-0.053903
-0.050366
-0.05584
-0.069468
-0.088894
-0.11116
-0.13143
-0.14563
-0.15073
-0.14498
-0.12946
-0.10676
-0.080977
-0.0557
-0.03758
-0.030809
-0.03736
-0.059192
-0.088392
-0.11815
-0.14154
-0.15035
-0.14591
-0.12961
-0.10513
-0.078558
-0.053909
-0.035641
-0.026898
-0.029
-0.041124
-0.060572
-0.083242
-0.1051
-0.12054
-0.12585
-0.11939
-0.099974
-0.073968
-0.047217
-0.025751
-0.015836
-0.017978
-0.031525
-0.05342
-0.07969
-0.10331
-0.11858
-0.1215
-0.10821
-0.084433
-0.055633
-0.028302
-0.01023
-0.0030466
-0.0078154
-0.023147
-0.04594
-0.070683
-0.091877
-0.1048
-0.1049
-0.093997
-0.074556
-0.050628
-0.027887
-0.0094612
0.0015481
0.003491
-0.0034297
-0.017727
-0.036389
-0.05556
-0.071795
-0.080769
-0.080033
-0.069015
-0.047739
-0.021994
0.0028887
0.021651
0.029121
0.025021
0.010262
-0.012115
-0.038024
-0.061429
-0.077178
-0.081591
-0.071715
-0.051155
-0.024139
0.0038207
0.026403
0.039934
0.04181
0.031647
0.010645
-0.016229
-0.043602
-0.066057
-0.078498
-0.079577
-0.069481
-0.050609
-0.026362
-0.0030572
0.013851
0.020163
0.012321
-0.0067477
-0.033344
-0.062281
-0.087559
-0.10489
-0.11117
-0.10548
-0.087913
-0.064228
-0.040001
-0.020795
-0.012487
-0.0149
-0.027086
-0.046064
-0.067296
-0.086242
-0.098599
-0.10137
-0.09277
-0.075004
-0.051459
-0.026767
-0.0055784
0.007229
0.0086118
-0.0022646
-0.025602
-0.054606
-0.083088
-0.10496
-0.11357
-0.10974
-0.094797
-0.072275
-0.047489
-0.025083
-0.0095966
-0.0041763
-0.010502
-0.026717
-0.049559
-0.074474
-0.096785
-0.11164
-0.1159
-0.10851
-0.089017
-0.063823
-0.038729
-0.019475
-0.01239
-0.016618
-0.030846
-0.051751
-0.074105
-0.094004
-0.1074
-0.11149
-0.10505
-0.08941
-0.067448
-0.043298
-0.020867
-0.0055345
-0.00067302
-0.0075927
-0.027297
-0.053028
-0.078836
-0.09879
-0.10603
-0.10184
-0.087629
-0.066805
-0.044936
-0.02535
-0.011843
-0.007031
-0.011455
-0.025007
-0.045383
-0.068862
-0.092604
-0.10951
-0.1153
-0.10793
-0.084734
-0.054835
-0.025474
-0.003775
0.0013093
-0.0068757
-0.02574
-0.050578
-0.07361
-0.092771
-0.10483
-0.108
-0.1029
-0.089704
-0.070785
-0.049558
-0.028785
-0.013951
-0.0083582
-0.013498
-0.03053
-0.053557
-0.07722
-0.095977
-0.10387
-0.10065
-0.086872
-0.065272
-0.03982
-0.016115
0.00085001
0.0073847
0.00060882
-0.016632
-0.040667
-0.066494
-0.088438
-0.1025
-0.10587
-0.097851
-0.078677
-0.05402
-0.029312
-0.0099063
-0.0015958
-0.0038588
-0.01566
-0.034112
-0.054456
-0.073354
-0.087146
-0.093207
-0.090478
-0.079424
-0.062191
-0.042176
-0.022424
-0.0084404
-0.0037133
-0.0098788
-0.028239
-0.052687
-0.077652
-0.097333
-0.10569
-0.10208
-0.087043
-0.063472
-0.035026
-0.0090002
0.0087218
0.013923
0.0023821
-0.020301
-0.04883
-0.076802
-0.096003
-0.10532
-0.10359
-0.091834
-0.073495
-0.051763
-0.030938
-0.015063
-0.0069244
-0.0084656
-0.019493
-0.037918
-0.061442
-0.083378
-0.098553
-0.10311
-0.093306
-0.073453
-0.047902
-0.022178
-0.0028167
0.0074438
0.0066676
-0.0048832
-0.025539
-0.050113
-0.073358
-0.090343
-0.096169
-0.091341
-0.077192
-0.056852
-0.034873
-0.015338
-0.0021208
0.0021418
-0.0038201
-0.018427
-0.038793
-0.060908
-0.080721
-0.093811
-0.097333
-0.090326
-0.072536
-0.049429
-0.026203
-0.0081317
-0.00044711
-0.0038384
-0.017752
-0.039472
-0.065386
-0.089178
-0.10557
-0.11073
-0.10126
-0.081257
-0.055117
-0.028473
-0.0079
0.0035173
0.0036169
-0.0075056
-0.028227
-0.053339
-0.07743
-0.095295
-0.10195
-0.097178
-0.081941
-0.059254
-0.033411
-0.0096874
0.0071514
0.013641
0.0075791
-0.0090324
-0.032867
-0.059176
-0.083156
-0.099355
-0.10425
-0.096594
-0.075407
-0.048157
-0.021273
-0.0010236
0.0052586
-0.00035446
-0.015872
-0.037307
-0.05837
-0.076074
-0.086956
-0.088968
-0.08174
-0.066817
-0.047144
-0.026568
-0.0088783
0.0021063
0.0040472
-0.003646
-0.020776
-0.042531
-0.064252
-0.081284
-0.08893
-0.086866
-0.075698
-0.057848
-0.036715
-0.017187
-0.0035253
0.0011797
-0.0054754
-0.020856
-0.041683
-0.06359
-0.081616
-0.092572
-0.094246
-0.086264
-0.069257
-0.047883
-0.026781
-0.010515
-0.0035682
-0.006244
-0.017837
-0.035847
-0.056713
-0.075738
-0.088754
-0.092759
-0.085581
-0.069627
-0.048124
-0.025437
-0.0063061
0.0054276
0.0071977
-0.0016312
-0.020593
-0.044742
-0.069019
-0.088279
-0.097723
-0.095983
-0.08327
-0.062002
-0.035037
-0.0096463
0.008449
0.015034
0.0057101
-0.014168
-0.039653
-0.064716
-0.081453
-0.08902
-0.086368
-0.07448
-0.056827
-0.035988
-0.015865
-0.00021536
0.0086447
0.0080429
-0.002306
-0.020782
-0.045767
-0.070083
-0.088211
-0.095817
-0.088515
-0.070412
-0.045666
-0.019809
0.00051226
0.012059
0.012418
0.0014171
-0.019568
-0.045418
-0.070715
-0.090122
-0.098699
-0.095533
-0.081248
-0.058681
-0.031431
-0.0062667
0.011289
0.017243
0.0079522
-0.012119
-0.038336
-0.064868
-0.084639
-0.095218
-0.094754
-0.083608
-0.063823
-0.040049
-0.017295
-0.00030599
0.0065553
0.0029645
-0.010168
-0.030079
-0.052911
-0.073808
-0.088482
-0.09389
-0.087764
-0.072765
-0.052228
-0.030552
-0.012753
-0.001922
-0.0002319
-0.0080573
-0.024546
-0.04559
-0.066805
-0.083775
-0.092267
-0.091363
-0.081301
-0.064097
-0.042621
-0.021859
-0.0061413
0.0012249
-0.0025208
-0.015048
-0.033409
-0.053504
-0.070567
-0.081383
-0.083629
-0.076723
-0.061052
-0.040995
-0.020971
-0.0054154
0.0013312
-0.0013049
-0.012828
-0.030945
-0.052433
-0.072337
-0.086343
-0.091268
-0.084611
-0.068932
-0.047494
-0.024728
-0.0054235
0.0065334
0.0085897
0.00017809
-0.018519
-0.041828
-0.064464
-0.081291
-0.086817
-0.081773
-0.067454
-0.047004
-0.02502
-0.0056548
0.0071701
0.010824
0.0038242
-0.01167
-0.032496
-0.054467
-0.073029
-0.084711
-0.087182
-0.079891
-0.063344
-0.041958
-0.020286
-0.0029461
0.0057413
0.0045692
-0.0062939
-0.024738
-0.047991
-0.070147
-0.08633
-0.092874
-0.08625
-0.070215
-0.048605
-0.026356
-0.0096526
-0.00052899
-0.00069574
-0.010037
-0.026562
-0.047225
-0.068049
-0.084988
-0.094872
-0.095351
-0.086008
-0.068332
-0.044078
-0.019857
-0.00096889
0.008329
0.0038867
-0.01105
-0.032926
-0.056767
-0.076529
-0.08877
-0.090832
-0.082102
-0.063314
-0.039225
-0.014885
0.0045717
0.014316
0.013033
0.00091209
-0.019702
-0.045701
-0.070586
-0.08896
-0.096756
-0.090107
-0.073026
-0.049672
-0.025436
-0.0069031
0.0033756
0.0034378
-0.0065875
-0.024792
-0.047014
-0.068481
-0.084517
-0.091294
-0.087199
-0.072579
-0.049936
-0.021942
0.0036964
0.021118
0.026056
0.01414
-0.0089671
-0.037938
-0.066282
-0.085945
-0.09518
-0.092567
-0.079046
-0.057555
-0.032714
-0.0096401
0.006983
0.013105
0.008509
-0.0056308
-0.026294
-0.049438
-0.070038
-0.083776
-0.087697
-0.079692
-0.062753
-0.040537
-0.017732
0.00034842
0.010664
0.011122
0.0015292
-0.01685
-0.039896
-0.063026
-0.081616
-0.091545
-0.091204
-0.080587
-0.061689
-0.037179
-0.01325
0.004908
0.013234
0.0081763
-0.0074709
-0.030232
-0.055185
-0.076727
-0.090576
-0.093712
-0.085286
-0.06533
-0.039883
-0.014667
0.0046491
0.012086
0.0079695
-0.0065911
-0.02839
-0.052691
-0.07461
-0.089597
-0.094487
-0.087261
-0.070421
-0.047525
-0.02334
-0.0027308
0.0097706
0.01138
0.0015411
-0.019867
-0.045771
-0.070052
-0.08695
-0.089728
-0.080994
-0.063138
-0.040321
-0.01918
-0.0017922
0.0089229
0.01131
0.0060642
-0.0070272
-0.025931
-0.047546
-0.069498
-0.085994
-0.093464
-0.090049
-0.07396
-0.05118
-0.026989
-0.006945
0.002707
0.001838
-0.0091198
-0.027688
-0.049721
-0.070805
-0.086509
-0.093439
-0.08941
-0.07557
-0.054515
-0.030306
-0.0070509
0.0096386
0.015982
0.010225
-0.0088306
-0.034977
-0.062387
-0.084958
-0.096181
-0.095402
-0.082996
-0.061732
-0.035535
-0.010945
0.0064175
0.012407
0.0033725
-0.016644
-0.043187
-0.070478
-0.091657
-0.10354
-0.10382
-0.092494
-0.070969
-0.044773
-0.019467
-0.00035521
0.0072967
0.003757
-0.00975
-0.030042
-0.052542
-0.072614
-0.086012
-0.08985
-0.082262
-0.065886
-0.044202
-0.021731
-0.0034573
0.0073061
0.0083648
-0.00056884
-0.018506
-0.040945
-0.06313
-0.080304
-0.088174
-0.085467
-0.072482
-0.051579
-0.025603
-0.0012978
0.015961
0.022189
0.01345
-0.0057085
-0.030824
-0.056298
-0.07492
-0.085089
-0.085255
-0.07581
-0.059469
-0.038856
-0.017909
-0.00064923
0.010261
0.011498
0.0022504
-0.016223
-0.042715
-0.0694
-0.090206
-0.10017
-0.09416
-0.076216
-0.050474
-0.022668
0.00040746
0.014702
0.017278
0.0076428
-0.013729
-0.040082
-0.065175
-0.083085
-0.087193
-0.079418
-0.061858
-0.038561
-0.015742
0.0033936
0.015279
0.017765
0.010691
-0.004887
-0.026095
-0.048964
-0.070009
-0.083881
-0.087388
-0.079365
-0.058808
-0.032657
-0.0068724
0.012678
0.019394
0.014542
-0.00031151
-0.021588
-0.043968
-0.063332
-0.075689
-0.078504
-0.070306
-0.053957
-0.033062
-0.012082
0.0038294
0.012348
0.011842
0.0023866
-0.014202
-0.034956
-0.056027
-0.073448
-0.084287
-0.085745
-0.077178
-0.059918
-0.03528
-0.010649
0.0082589
0.016829
0.010319
-0.0073038
-0.032012
-0.058314
-0.079593
-0.092401
-0.094167
-0.084599
-0.064502
-0.039814
-0.016208
0.00090917
0.0058884
-0.00030724
-0.016071
-0.037872
-0.060586
-0.080059
-0.09235
-0.094956
-0.086684
-0.069978
-0.048354
-0.026326
-0.0085231
0.001215
0.00055885
-0.010792
-0.032154
-0.057958
-0.082791
-0.10134
-0.10831
-0.10344
-0.087559
-0.063563
-0.035633
-0.0091607
0.010959
0.02108
0.018276
0.0051186
-0.015099
-0.037833
-0.057232
-0.070574
-0.075335
-0.070547
-0.05753
-0.037452
-0.013319
0.011123
0.033812
0.048635
0.052796
0.04581
0.026239
0.0041785
-0.012995
-0.018886
-0.0060439
0.019804
0.053389
0.087358
0.11293
0.12496
0.11971
0.096656
0.056371
0.0083206
-0.038873
-0.07699
-0.096505
-0.10017
-0.090509
-0.072507
-0.054316
-0.038731
-0.029566
-0.029029
-0.036893
-0.052581
-0.073378
-0.095513
-0.11559
-0.12874
-0.13206
-0.12459
-0.10589
-0.081954
-0.05829
-0.04044
-0.034098
-0.03945
-0.055647
-0.07965
-0.10725
-0.13249
-0.15019
-0.15663
-0.14846
-0.12975
-0.10476
-0.078861
-0.059554
-0.047752
-0.045077
-0.051618
-0.064212
-0.083434
-0.10691
-0.13133
-0.15569
-0.17116
-0.17282
-0.15791
-0.12228
-0.075477
-0.024494
0.023816
0.060707
0.090022
0.11465
0.13933
0.17143
0.21205
0.26263
0.32234
0.38553
0.45027
0.51019
0.55739
0.59033
0.59061
0.55047
0.46857
0.33817
0.19403
0.060647
-0.040164
-0.077931
-0.07522
-0.046671
-0.010946
0.000558
-0.0025777
-0.019126
-0.043715
-0.060526
-0.076299
-0.089884
-0.10074
-0.1136
-0.12023
-0.11824
-0.10681
-0.083399
-0.05745
-0.035507
-0.023469
-0.028213
-0.045587
-0.071703
-0.1007
-0.12566
-0.14129
-0.14377
-0.13199
-0.10535
-0.072507
-0.041021
-0.018146
-0.012331
-0.020839
-0.041042
-0.067996
-0.093917
-0.11548
-0.12866
-0.13106
-0.1226
-0.10447
-0.079887
-0.053264
-0.028667
-0.011659
-0.0056914
-0.012109
-0.031614
-0.057917
-0.085143
-0.10728
-0.11784
-0.11665
-0.10429
-0.083587
-0.058673
-0.03502
-0.017506
-0.0096372
-0.01444
-0.02839
-0.04767
-0.067448
-0.081727
-0.08873
-0.08703
-0.076995
-0.060512
-0.041082
-0.022632
-0.0088691
-0.0029594
-0.005456
-0.015653
-0.031286
-0.049516
-0.065588
-0.075639
-0.076984
-0.067294
-0.049917
-0.028378
-0.0070393
0.0088222
0.017428
0.017402
0.0089885
-0.0057537
-0.024292
-0.043079
-0.058445
-0.06789
-0.068337
-0.058966
-0.040857
-0.014947
0.011366
0.032393
0.043457
0.039572
0.024645
0.0025055
-0.021572
-0.040953
-0.052694
-0.054382
-0.045682
-0.027602
-0.0049083
0.017454
0.034632
0.041712
0.03862
0.026139
0.006845
-0.015341
-0.036306
-0.052139
-0.060015
-0.058038
-0.047999
-0.032602
-0.015613
-0.0010862
0.0074247
0.0075587
-0.001339
-0.019239
-0.041337
-0.063076
-0.079932
-0.087066
-0.084763
-0.073863
-0.056851
-0.037636
-0.019709
-0.0065864
-0.00082514
-0.0036178
-0.014293
-0.03068
-0.049403
-0.067415
-0.079434
-0.082152
-0.07411
-0.053972
-0.028245
-0.0026204
0.017111
0.024548
0.020077
0.0046755
-0.01854
-0.044903
-0.069391
-0.087294
-0.095238
-0.090664
-0.076348
-0.055781
-0.033595
-0.015324
-0.0038825
-0.0015153
-0.008681
-0.02423
-0.044855
-0.066492
-0.084872
-0.096208
-0.098356
-0.090776
-0.074811
-0.052465
-0.02949
-0.010835
-0.00061689
-0.0024961
-0.014622
-0.03431
-0.057332
-0.078839
-0.094151
-0.099845
-0.094451
-0.077261
-0.053774
-0.029323
-0.0094645
0.00012222
-0.0014516
-0.013861
-0.034518
-0.060051
-0.083721
-0.10003
-0.105
-0.094525
-0.073898
-0.048011
-0.022758
-0.0057797
0.0021491
0.00011515
-0.010804
-0.027153
-0.046304
-0.064439
-0.077972
-0.084477
-0.082088
-0.070891
-0.052677
-0.029509
-0.0073344
0.0091092
0.016142
0.010439
-0.0051154
-0.027161
-0.051059
-0.071347
-0.084529
-0.088007
-0.081104
-0.064307
-0.042248
-0.01973
-0.0016349
0.0072413
0.0059938
-0.0051022
-0.023813
-0.046763
-0.06881
-0.085293
-0.092613
-0.088083
-0.07356
-0.052004
-0.027811
-0.0054886
0.0097014
0.014312
0.0070554
-0.013052
-0.03894
-0.064444
-0.08349
-0.089029
-0.082775
-0.066499
-0.043988
-0.021062
-0.0013369
0.011377
0.014678
0.0075809
-0.0079388
-0.028737
-0.050727
-0.069316
-0.081459
-0.084982
-0.079328
-0.065431
-0.046304
-0.025741
-0.0078371
0.0042257
0.007297
0.00039477
-0.01542
-0.039188
-0.063227
-0.081646
-0.089655
-0.081812
-0.063011
-0.037618
-0.011339
0.0081558
0.019313
0.020384
0.01158
-0.0045265
-0.025412
-0.047169
-0.065754
-0.078221
-0.08146
-0.074593
-0.058705
-0.034954
-0.01045
0.0092149
0.019439
0.015421
0.0007894
-0.020785
-0.044184
-0.063024
-0.074234
-0.075362
-0.066031
-0.047206
-0.023727
-0.00063365
0.017093
0.024636
0.021461
0.0082394
-0.01236
-0.036661
-0.059139
-0.075038
-0.080915
-0.073989
-0.057426
-0.034981
-0.011583
0.0073246
0.018137
0.018511
0.0082458
-0.01208
-0.036382
-0.059131
-0.075153
-0.078627
-0.071516
-0.055828
-0.035218
-0.015553
0.0010375
0.011693
0.014657
0.010408
-0.0015531
-0.019472
-0.040446
-0.062378
-0.079087
-0.08673
-0.083169
-0.066299
-0.042218
-0.016357
0.0054532
0.016937
0.017162
0.0062164
-0.013484
-0.0386
-0.062457
-0.079469
-0.085471
-0.07623
-0.056572
-0.031097
-0.0055221
0.012691
0.022323
0.022068
0.012565
-0.0032318
-0.022749
-0.042188
-0.057821
-0.067054
-0.067529
-0.058953
-0.042835
-0.02076
0.00071844
0.016532
0.022712
0.015212
-0.0021071
-0.025395
-0.049575
-0.068307
-0.079151
-0.080094
-0.071055
-0.053573
-0.031472
-0.009162
0.0089507
0.01905
0.019567
0.010549
-0.0060502
-0.027836
-0.048657
-0.063604
-0.068997
-0.061163
-0.044227
-0.022226
-0.00025803
0.015374
0.022793
0.02052
0.0090105
-0.0096127
-0.031535
-0.052412
-0.068088
-0.074968
-0.072192
-0.060296
-0.04156
-0.019022
0.0021443
0.017539
0.023876
0.018549
0.0039636
-0.016745
-0.039243
-0.058667
-0.071301
-0.074543
-0.067669
-0.050898
-0.029094
-0.0070784
0.010298
0.01826
0.0162
0.0046525
-0.013892
-0.036142
-0.056434
-0.070081
-0.073742
-0.064366
-0.045987
-0.022735
0.00026829
0.016773
0.02489
0.023163
0.012048
-0.0060767
-0.027846
-0.049034
-0.065469
-0.074081
-0.072571
-0.060789
-0.040608
-0.013968
0.011685
0.030619
0.038394
0.030487
0.011421
-0.01434
-0.040993
-0.061382
-0.072792
-0.073074
-0.062313
-0.042202
-0.017597
0.0063375
0.024631
0.032523
0.029746
0.017155
-0.0024896
-0.025207
-0.046242
-0.061286
-0.067255
-0.061943
-0.04771
-0.027749
-0.0063671
0.011634
0.022747
0.024567
0.016537
-0.00086333
-0.022995
-0.045165
-0.062662
-0.070795
-0.069035
-0.05788
-0.039687
-0.017958
0.0025105
0.017352
0.023275
0.018005
0.0032704
-0.01803
-0.04164
-0.063148
-0.077528
-0.081427
-0.073535
-0.053058
-0.02631
0.00093034
0.022803
0.032874
0.031425
0.01934
-0.00038471
-0.023185
-0.044305
-0.05925
-0.064828
-0.058591
-0.043353
-0.022532
-0.00058349
0.016967
0.027877
0.030264
0.023862
0.010303
-0.0081883
-0.028202
-0.046026
-0.058988
-0.063626
-0.058708
-0.044911
-0.022917
0.00020242
0.018852
0.028279
0.023808
0.0082503
-0.015023
-0.040902
-0.063824
-0.078198
-0.080267
-0.068796
-0.042711
-0.010666
0.020029
0.042349
0.04787
0.039676
0.020452
-0.0049695
-0.029021
-0.048908
-0.061117
-0.063756
-0.056942
-0.042184
-0.02259
-0.0021052
0.015367
0.026183
0.028123
0.020693
0.004382
-0.016456
-0.037396
-0.053979
-0.062028
-0.060528
-0.049769
-0.031918
-0.0097189
0.011007
0.025531
0.030369
0.022169
0.004851
-0.017652
-0.040386
-0.057084
-0.066073
-0.065871
-0.056769
-0.040967
-0.021237
-0.0013226
0.015004
0.024919
0.026065
0.018008
0.0021024
-0.019996
-0.042158
-0.059419
-0.067756
-0.063386
-0.049014
-0.027846
-0.0045096
0.015735
0.028669
0.031329
0.022843
0.0031571
-0.021799
-0.046422
-0.065151
-0.072136
-0.067655
-0.052804
-0.03077
-0.0060359
0.016092
0.030922
0.035233
0.026585
0.0084196
-0.015253
-0.039361
-0.057909
-0.068272
-0.068526
-0.058702
-0.040623
-0.018004
0.0046642
0.022827
0.032824
0.032262
0.020816
0.00029007
-0.026979
-0.053948
-0.074782
-0.084754
-0.079708
-0.062323
-0.036212
-0.006785
0.020106
0.03845
0.044141
0.035648
0.012017
-0.018711
-0.049319
-0.072619
-0.080539
-0.074323
-0.055659
-0.02875
0.00014941
0.025681
0.042716
0.047868
0.038925
0.019407
-0.0063292
-0.032808
-0.053544
-0.065795
-0.067507
-0.058673
-0.041146
-0.018684
0.0041797
0.022879
0.033511
0.034148
0.024602
0.0066634
-0.017165
-0.040888
-0.059411
-0.068662
-0.065
-0.050971
-0.029769
-0.0060233
0.014855
0.028817
0.032887
0.026091
0.008501
-0.014736
-0.038446
-0.057345
-0.065963
-0.063784
-0.051264
-0.030912
-0.0065994
0.016617
0.034014
0.041979
0.037992
0.023701
0.0020349
-0.022609
-0.045694
-0.061821
-0.06739
-0.060949
-0.041384
-0.015621
0.010233
0.030068
0.036852
0.031869
0.016585
-0.0054626
-0.02857
-0.049125
-0.063147
-0.067929
-0.062583
-0.047977
-0.026815
-0.003112
0.019604
0.035288
0.040234
0.032876
0.011644
-0.015826
-0.043084
-0.063731
-0.070333
-0.064602
-0.048338
-0.025495
-0.0020074
0.017976
0.030325
0.032489
0.02333
0.0055398
-0.017104
-0.039861
-0.05773
-0.067243
-0.066292
-0.054815
-0.033894
-0.0088366
0.015097
0.032818
0.039618
0.034954
0.019708
-0.0031324
-0.029835
-0.05394
-0.070204
-0.07494
-0.064706
-0.04421
-0.018131
0.0078254
0.026424
0.036224
0.035857
0.025901
0.009276
-0.011496
-0.032591
-0.050178
-0.061588
-0.064024
-0.056849
-0.041273
-0.018717
0.0043398
0.022694
0.03206
0.028256
0.01412
-0.007117
-0.030765
-0.051251
-0.064683
-0.06816
-0.060801
-0.042537
-0.018917
0.0048112
0.023451
0.031167
0.02882
0.017542
0.00020635
-0.018426
-0.035465
-0.047613
-0.052571
-0.049558
-0.039023
-0.022981
-0.00455
0.013372
0.026042
0.030397
0.024997
0.008875
-0.012963
-0.035756
-0.054455
-0.063936
-0.063017
-0.051733
-0.032242
-0.0074474
0.016229
0.03344
0.040108
0.032421
0.014177
-0.010535
-0.036302
-0.056581
-0.068281
-0.069042
-0.058647
-0.038528
-0.01327
0.012033
0.032264
0.042793
0.04209
0.030292
0.0097076
-0.016408
-0.041682
-0.06061
-0.068891
-0.062983
-0.045475
-0.019941
0.0084146
0.033843
0.051052
0.056344
0.04838
0.026688
-0.0020251
-0.031401
-0.054992
-0.06585
-0.064044
-0.050455
-0.028326
-0.0024912
0.021448
0.03836
0.044602
0.037295
0.019859
-0.0036908
-0.02817
-0.047256
-0.058391
-0.059557
-0.050691
-0.033652
-0.011847
0.010379
0.028557
0.039176
0.039528
0.029075
0.0094053
-0.01762
-0.04456
-0.065469
-0.075554
-0.070084
-0.052802
-0.027742
-0.00052446
0.022311
0.036497
0.039001
0.029216
0.007297
-0.019726
-0.045554
-0.064241
-0.06883
-0.061907
-0.045828
-0.024746
-0.0053698
0.010403
0.019774
0.02123
0.015696
0.0029504
-0.014921
-0.034798
-0.054686
-0.068344
-0.072249
-0.064808
-0.044058
-0.01772
0.0079273
0.026667
0.031361
0.023676
0.0055044
-0.019073
-0.044223
-0.065089
-0.077156
-0.077616
-0.064818
-0.042372
-0.014649
0.013006
0.034231
0.046649
0.048427
0.039668
0.022988
0.00082709
-0.022673
-0.042956
-0.057518
-0.060459
-0.049565
-0.025268
0.013279
0.054078
0.088595
0.10972
0.10836
0.09281
0.069438
0.04613
0.03368
0.031909
0.041219
0.059206
0.081229
0.10162
0.11464
0.11582
0.10105
0.073843
0.038205
-0.00034483
-0.034308
-0.061081
-0.077839
-0.083517
-0.079646
-0.067315
-0.049698
-0.030767
-0.013295
-0.0030316
-0.0029596
-0.013941
-0.037086
-0.064388
-0.089463
-0.10635
-0.10811
-0.097811
-0.078349
-0.054495
-0.033116
-0.017355
-0.010488
-0.014025
-0.027689
-0.048759
-0.073323
-0.096821
-0.11441
-0.12352
-0.12264
-0.11202
-0.094327
-0.072063
-0.049338
-0.030632
-0.018205
-0.017897
-0.031568
-0.058176
-0.098032
-0.13736
-0.16608
-0.17558
-0.15536
-0.11318
-0.055234
0.010151
0.071108
0.12634
0.17353
0.21288
0.24807
0.28049
0.31338
0.34958
0.38762
0.43159
0.47969
0.52678
0.57348
0.59612
0.58174
0.52305
0.40663
0.26564
0.12386
0.0047228
-0.058134
-0.081748
-0.075343
-0.052973
-0.042064
-0.034234
-0.030612
-0.029961
-0.021761
-0.01746
-0.019915
-0.030898
-0.055726
-0.083376
-0.10727
-0.12134
-0.11848
-0.1026
-0.077354
-0.048405
-0.022678
-0.0052334
6.7926e-005
-0.0080706
-0.030394
-0.059013
-0.086969
-0.10751
-0.11265
-0.10492
-0.086664
-0.062341
-0.038841
-0.019354
-0.0074919
-0.0052515
-0.012709
-0.028
-0.047724
-0.067585
-0.083487
-0.091376
-0.088964
-0.075991
-0.052943
-0.02586
-0.00033403
0.018236
0.024588
0.018755
0.0019538
-0.022447
-0.050133
-0.074833
-0.091359
-0.096165
-0.086001
-0.065669
-0.039888
-0.014298
0.0038983
0.013742
0.014209
0.0061397
-0.0073053
-0.02395
-0.04036
-0.053218
-0.060289
-0.059446
-0.050424
-0.034535
-0.01349
0.0074984
0.024089
0.032727
0.030344
0.018639
0.00012215
-0.021305
-0.041218
-0.055195
-0.059985
-0.054108
-0.036991
-0.013251
0.012335
0.034608
0.048548
0.052175
0.045042
0.028929
0.0059533
-0.016554
-0.032841
-0.038506
-0.028536
-0.0085594
0.016577
0.040989
0.056654
0.063502
0.060895
0.050084
0.034928
0.017254
0.00038022
-0.012572
-0.020051
-0.019406
-0.010364
0.0056506
0.027541
0.048303
0.0628
0.067065
0.056936
0.036866
0.011122
-0.014837
-0.034504
-0.045225
-0.045123
-0.034534
-0.015101
0.0077199
0.028552
0.042403
0.044375
0.035185
0.016444
-0.0083608
-0.034303
-0.056921
-0.072055
-0.076917
-0.070133
-0.053642
-0.0307
-0.0057476
0.016705
0.031959
0.036963
0.030687
0.012869
-0.010783
-0.034841
-0.053818
-0.062001
-0.059157
-0.045985
-0.025286
-0.0011258
0.02114
0.036723
0.042155
0.034767
0.017456
-0.0061307
-0.031123
-0.051989
-0.065137
-0.068063
-0.060303
-0.042466
-0.019744
0.0027416
0.019968
0.026813
0.023335
0.010452
-0.0090325
-0.030941
-0.050855
-0.064633
-0.069325
-0.063169
-0.047979
-0.02678
-0.0038231
0.016575
0.029689
0.032482
0.02395
0.0038338
-0.021883
-0.047528
-0.067355
-0.075612
-0.071666
-0.056174
-0.032126
-0.0033891
0.023059
0.041487
0.047781
0.038137
0.0174
-0.0095016
-0.036447
-0.056067
-0.065978
-0.064445
-0.052076
-0.031154
-0.0068165
0.015612
0.031237
0.03551
0.028831
0.012719
-0.0094335
-0.032977
-0.05319
-0.065865
-0.068232
-0.058743
-0.040006
-0.015674
0.0094993
0.030521
0.043298
0.04521
0.035711
0.015312
-0.010491
-0.036267
-0.056597
-0.066135
-0.064253
-0.051532
-0.030682
-0.0055048
0.018176
0.035312
0.042191
0.035712
0.019145
-0.0036877
-0.027741
-0.047029
-0.058464
-0.05976
-0.050641
-0.032264
-0.0090833
0.014104
0.032525
0.041625
0.040547
0.029672
0.011296
-0.011165
-0.032663
-0.04863
-0.055562
-0.050888
-0.036393
-0.014975
0.0090677
0.03117
0.046401
0.0514
0.044836
0.02599
0.00091207
-0.024764
-0.04529
-0.054355
-0.052128
-0.039395
-0.01903
0.0044349
0.02642
0.042448
0.049232
0.044591
0.030334
0.0094268
-0.013882
-0.03488
-0.049356
-0.054324
-0.048661
-0.03228
-0.0098477
0.0138
0.033578
0.044534
0.045126
0.035223
0.016826
-0.007404
-0.030951
-0.048457
-0.055817
-0.048951
-0.031975
-0.0090078
0.014632
0.032384
0.041945
0.041525
0.031391
0.013213
-0.0083791
-0.028629
-0.043098
-0.04739
-0.042086
-0.028502
-0.0095727
0.010382
0.027867
0.039469
0.0429
0.037214
0.02369
0.0049012
-0.015537
-0.034077
-0.046379
-0.049653
-0.042834
-0.025467
-0.0026191
0.020874
0.04002
0.049657
0.04911
0.03866
0.020539
-0.0019594
-0.023673
-0.040019
-0.047524
-0.043252
-0.029812
-0.010386
0.010665
0.028207
0.039127
0.041143
0.033779
0.017129
-0.0036469
-0.023895
-0.039165
-0.043762
-0.039901
-0.028977
-0.013385
0.0023683
0.018932
0.035633
0.052278
0.068901
0.085594
0.10217
