-6.347999999999999476e-02
-4.438214765831580838e-02
-6.435464955473339799e-02
-4.525785990961971039e-02
-2.617213290787289565e-02
-2.660782268119015956e-02
-1.728528329033818256e-02
2.132513129257275486e-02
4.041306720181037093e-02
3.019817069573651341e-02
6.881008817451716997e-02
8.787846619782542501e-02
5.812295150253622006e-02
7.718319102041246160e-02
1.157788318957813228e-01
1.153095215031997994e-01
9.529490746510888011e-02
1.143346376694751448e-01
9.431836028741930056e-02
5.472572379083021771e-02
1.226063769699643480e-01
1.904599689510287353e-01
1.899361492137473795e-01
1.796445676089102050e-01
2.181748743759031328e-01
2.371597201602183569e-01
2.463727560309452724e-01
2.165136334982390998e-01
1.866480045307684632e-01
1.665725215731390096e-01
2.050068375632938533e-01
2.239306059498893386e-01
1.744634807096446805e-01
1.934051163646658134e-01
2.318251679997415937e-01
2.311832912796117634e-01
2.598191424662062987e-01
2.786723784358540734e-01
2.779926566964618373e-01
2.675296354046606817e-01
3.058729733829201880e-01
3.442123301366296628e-01
2.946473658711449284e-01
8.882774150879994834e-02
9.782311870588251967e-02
6.634031598695735443e-01
1.512367528174848763e+00
1.667315887581341416e+00
1.100447902850165693e+00
4.550462395607014487e-01
2.881615641273361783e-01
3.458425438161656373e-01
3.352058467616528814e-01
3.538511419832421900e-01
3.821780994019301492e-01
3.714863898567908884e-01
3.509756851214548279e-01
3.694456579205420699e-01
4.074959819460470256e-01
4.065263318736744846e-01
4.347363833791277332e-01
4.727158131543455211e-01
4.325942989236873926e-01
4.607415194600701369e-01
5.377171546010485192e-01
5.267908852648444107e-01
5.451423934663219839e-01
5.634613623329072229e-01
6.012974761204521457e-01
6.000504202290423139e-01
6.378328812187475938e-01
6.658255468253138076e-01
6.547401059757966824e-01
7.119842488041355777e-01
7.594366666666665378e-01
7.482740521575750314e-01
7.468560991242855218e-01
7.747025026827889516e-01
7.927529592329073393e-01
8.010171664734928587e-01
8.189848234175625130e-01
8.271956304073675437e-01
8.061192891293944562e-01
8.240455026293015406e-01
8.126439753267844512e-01
7.719144130303758899e-01
7.799865229521724119e-01
7.782630137224940681e-01
7.569845954044713832e-01
7.258999795085614437e-01
7.240958790069893514e-01
7.515520083481205260e-01
7.301480834707552159e-01
7.477838218183507912e-01
7.653789423531669467e-01
7.438931655703364676e-01
7.516662135118584720e-01
7.496778097805144592e-01
7.866476795537055144e-01
7.650655495972120690e-01
7.922011482788718917e-01
8.291142055821810741e-01
8.366944531198110546e-01
8.637716241470461132e-01
8.712854535751370921e-01
8.592356779845733428e-01
8.666820356382715085e-01
9.033942664946782442e-01
8.912321122207893520e-01
8.497553162050837106e-01
9.156536235703703897e-01
8.936267811865475919e-01
9.106345376832776228e-01
8.885366434625707743e-01
9.054728507112812519e-01
9.223629134135133967e-01
9.196965873629396881e-01
9.267536301750256555e-01
9.630638012991659114e-01
9.798168620307261545e-01
9.672325755229945754e-01
1.003440706799039184e+00
1.020071022763472390e+00
9.878432922141195949e-01
1.004397285853595889e+00
1.040452776300785143e+00
1.037409538102223250e+00
1.014787347743385748e+00
1.031185983659878236e+00
1.008495226248528942e+00
9.661948578783826624e-01
1.031334662901596921e+00
1.096414427664237801e+00
1.093083940516976993e+00
1.079952991825687825e+00
1.115611373981939547e+00
1.131691881413393830e+00
1.137968310594093202e+00
1.105140460054652829e+00
1.072274130392347313e+00
1.049166124281091461e+00
1.084536246481321964e+00
1.100364303849770131e+00
1.047770105349132841e+00
1.063553462057635679e+00
1.098784187178492022e+00
1.094922096049254723e+00
1.120307006151061602e+00
1.135878737117771875e+00
1.131887110744997926e+00
1.118081950999025853e+00
1.153053084025629005e+00
1.187990338158771753e+00
1.134993543929203819e+00
9.257125340729455143e-01
9.312171435396604524e-01
1.493277209500919689e+00
2.338692571358353955e+00
2.490063070751693086e+00
1.919588551566693502e+00
1.270551859942957051e+00
1.100003844281631338e+00
1.153993355253000619e+00
1.139637245803960752e+00
1.154535371165382740e+00
1.179087588859360380e+00
1.164593758706342630e+00
1.140253742832151973e+00
1.154867405674887770e+00
1.189034613991711620e+00
1.184155236865520155e+00
1.208429145711497510e+00
1.242446214283553063e+00
1.198336318680644164e+00
1.222469337352976027e+00
1.295405151108089070e+00
1.280413643116826261e+00
1.294674698919180411e+00
1.308878206430027280e+00
1.342574055944734779e+00
1.337162140144656286e+00
1.370755354102503487e+00
1.394534595287599377e+00
1.379211763571011495e+00
1.432194761230564994e+00
1.475362492955734961e+00
1.459891865852417592e+00
1.454142789447582462e+00
1.477635175693799763e+00
1.491308938973650244e+00
1.495173996104011138e+00
1.508720266340220162e+00
1.512487671380118526e+00
1.486946135367971156e+00
1.500385584898263680e+00
1.484475949019378405e+00
1.439217159237145660e+00
1.442739149518273756e+00
1.436444856293654482e+00
1.410575218461544988e+00
1.374879177390628593e+00
1.368443676922947994e+00
1.391248663376718708e+00
1.365174085549015537e+00
1.378119894718336402e+00
1.391006044647041140e+00
1.364792491583666889e+00
1.367819194265118554e+00
1.361066113918734555e+00
1.393253214264226880e+00
1.366870461515499402e+00
1.389187824382337899e+00
1.421265274071977114e+00
1.423992784290542213e+00
1.446200331244365200e+00
1.448827893641175590e+00
1.431875452691167894e+00
1.434402992107940644e+00
1.466180498109312502e+00
1.449067959418012697e+00
1.402625367262244405e+00
1.463542715376125347e+00
1.436520000000000019e+00
1.448517219880629536e+00
1.421394376271253313e+00
1.433291472931526256e+00
1.445128516127330620e+00
1.437395514630463111e+00
1.439372479718195041e+00
1.470589425172707188e+00
1.482236367280401090e+00
1.464533324831082783e+00
1.495610319117022247e+00
1.507097373931887585e+00
1.469714515569553459e+00
1.481101772822785545e+00
1.511979176981797401e+00
1.503746761832686296e+00
1.475924563655738986e+00
1.487112621223617648e+00
1.459200975799417543e+00
1.411669671134601067e+00
1.471568753466808932e+00
1.531398271517542486e+00
1.522808276489727497e+00
1.504408822065148588e+00
1.534789964401762408e+00
1.545584762130886469e+00
1.546567276354262610e+00
1.508437570641000036e+00
1.470261711024389850e+00
1.441836765998601777e+00
1.471882806515253828e+00
1.482379905979859913e+00
1.424448140248155248e+00
1.434887587622299066e+00
1.464768328846952850e+00
1.455550447105240064e+00
1.475574028014579930e+00
1.485779159622401702e+00
1.476415932401736297e+00
1.457234439246687163e+00
1.486824775467779469e+00
1.516377038787188214e+00
1.457991329333845565e+00
1.243317749638428449e+00
1.243426404628225512e+00
1.800087401621883298e+00
2.640100850324033299e+00
2.786066862819801315e+00
2.210185553569192329e+00
1.555740039401364960e+00
1.379781439508778407e+00
1.428358875441227083e+00
1.408589471099754409e+00
1.418073352730450543e+00
1.437210648918131106e+00
1.417301490579899736e+00
1.387546010958594866e+00
1.396744345616117045e+00
1.425496632426644039e+00
1.415203011569726499e+00
1.434063625523271046e+00
1.462668619056406438e+00
1.413148139222236255e+00
1.431872335350476977e+00
1.499401359039980841e+00
1.479005364151146695e+00
1.487864506798217246e+00
1.496668945341462109e+00
1.524968840379251844e+00
1.514164354740014762e+00
1.542368653474087248e+00
1.560762903845449134e+00
1.540059275323350185e+00
1.587665939573826845e+00
1.625462070451105356e+00
1.604624843988899485e+00
1.593514438391597343e+00
1.611651034025339158e+00
1.619974813408987080e+00
1.618495961204988731e+00
1.626704664210130602e+00
1.625141111346186884e+00
1.594275493650460840e+00
1.602398004266221143e+00
1.581178838433031419e+00
1.530618193476976252e+00
1.528846268800781338e+00
1.517266265873831621e+00
1.486119388222084003e+00
1.445154841417877867e+00
1.433459833069643308e+00
1.451014572811506920e+00
1.419699272292797243e+00
1.427414145167447801e+00
1.435079407083301728e+00
1.403655275671313651e+00
1.401481970534655730e+00
1.389539713237722074e+00
1.416548727295037668e+00
1.384999238160065538e+00
1.402161473213922926e+00
1.429095661753994495e+00
1.426692034982454116e+00
1.443780825994690264e+00
1.441302269767634758e+00
1.419256603147998952e+00
1.416704064840417221e+00
1.443414895395495279e+00
1.421249337197767693e+00
1.369767634453562088e+00
1.425660033178772990e+00
1.393626781186547703e+00
1.400628128074874912e+00
1.368524325214092840e+00
1.375455625734303133e+00
1.382342284512696473e+00
1.369674558160794087e+00
1.366732705011600713e+00
1.393046985106668245e+00
1.399807660183082447e+00
1.377234993660351625e+00
1.403459250627226096e+00
1.410110697828421689e+00
1.367909603651265904e+00
1.374496238112264512e+00
1.400590872843577417e+00
1.387593781079426325e+00
1.355025237642408342e+00
1.361485518929743677e+00
1.328864902899432154e+00
1.276643669056341190e+00
1.331872098438210861e+00
1.387050473601583622e+00
1.373829078607660570e+00
1.350818199008074982e+00
1.376608121830602327e+00
1.382832135564785236e+00
1.379264530147493062e+00
1.336605596948406305e+00
1.293921628755427822e+00
1.261009919760025300e+00
1.286590765542502623e+00
1.292644463057202264e+00
1.230291310617637190e+00
1.236331607881556049e+00
1.261835655835942038e+00
1.248263756781943457e+00
1.263956214319737370e+00
1.269853333333333723e+00
1.256205419975306770e+00
1.232762781651472572e+00
1.258115727005493900e+00
1.283454565903432210e+00
1.220879609418231926e+00
1.002041169814145816e+00
9.980095605311056772e-01
1.550555096169024427e+00
2.386478092472051671e+00
2.528378866312760209e+00
1.948457735676286662e+00
1.289998019644408300e+00
1.110051038379570754e+00
1.154666113108857806e+00
1.130960566107908516e+00
1.136534720684785782e+00
1.151788901163785406e+00
1.128023432869202702e+00
1.094438642109043291e+00
1.099834856158687035e+00
1.124812403244503489e+00
1.110771612527418961e+00
1.125912814086435842e+00
1.150826338902111390e+00
1.097642518839980763e+00
1.112731686633949391e+00
1.176654175869629615e+00
1.152680320967641503e+00
1.157990457166871323e+00
1.163274920507684218e+00
1.188084047815106681e+00
1.173818176681955538e+00
1.198590645451945491e+00
1.213582793202739873e+00
1.189506959728985347e+00
1.233771485525291034e+00
1.268255711769187277e+00
1.244136980304044293e+00
1.229775633621954078e+00
1.244692014846588535e+00
1.249826467716017353e+00
1.245189336565500682e+00
1.250270966310250031e+00
1.245611702428158996e+00
1.211681890942508444e+00
1.216771878404641960e+00
1.192552011876617524e+00
1.139022638913828267e+00
1.134314107547605754e+00
1.119829766267795179e+00
1.085810964005306634e+00
1.042007050114648337e+00
1.027505374356434631e+00
1.042286286879874346e+00
1.008230138205244986e+00
1.013237279206338215e+00
1.018228061092898429e+00
9.841628353930367279e-01
9.793819539356320991e-01
9.648657688327185733e-01
9.893346324618537135e-01
9.552788974484824891e-01
9.699689166482757807e-01
9.944650431294724813e-01
9.896576301551962551e-01
1.004377031165774481e+00
9.995635997610414769e-01
9.752176896826345587e-01
9.703996547962875363e-01
9.948798490741087575e-01
9.705186265768669385e-01
9.168763414362577358e-01
9.706433478371798707e-01
9.365200000000001301e-01
9.414666521628205498e-01
9.073436585637424390e-01
9.122913734231338223e-01
9.172301509258908858e-01
9.026503452037126785e-01
8.978323103173653230e-01
9.223064002389587124e-01
9.272629688342260978e-01
9.029223698448038959e-01
9.274149568705282176e-01
9.323710833517241392e-01
8.885111025515182170e-01
8.934753675381460480e-01
9.179842311672820054e-01
9.034380460643680610e-01
8.693571646069631065e-01
8.743419389071016568e-01
8.402827207936616194e-01
7.866598617947555550e-01
8.405237131201255263e-01
8.943746256435661790e-01
8.798629498853518527e-01
8.555990359946935575e-01
8.801732337322050181e-01
8.852188924523943792e-01
8.805103610861720886e-01
8.367479881233821359e-01
7.929981215953577633e-01
7.590581090574918255e-01
7.836482975718412902e-01
7.887490336897504672e-01
7.254806634344999061e-01
7.306435322839828217e-01
7.553079851534121314e-01
7.409343663780458833e-01
7.558630196959563730e-01
7.610342882308125390e-01
7.466985144747092518e-01
7.226060402710154928e-01
7.473472067972599664e-01
7.721123545480554906e-01
7.090018233180439555e-01
4.896659521848940599e-01
4.851750794923156418e-01
1.037299542833129307e+00
1.872839679032358706e+00
2.014395824130370105e+00
1.434168313366050773e+00
7.754404811600191794e-01
5.952636610978891962e-01
6.396871859135639937e-01
6.158283874725815066e-01
6.212875967554967183e-01
6.364651438413132523e-01
6.126613578909569924e-01
5.790765671307980256e-01
5.845110988362146598e-01
6.095652793152143145e-01
5.956394338920913967e-01
6.109338868911424747e-01
6.360389616204293883e-01
5.830849803555917532e-01
5.984422643237140571e-01
6.626711336872399549e-01
6.390419075279487604e-01
6.447349038309753144e-01
6.504404394688948488e-01
6.757088301858540369e-01
6.619403905817684564e-01
6.872484340965679950e-01
7.028142729945059397e-01
6.793502183485278234e-01
7.242645800246930721e-01
7.594366666666669818e-01
7.360437856802628520e-01
7.224462432180570604e-01
7.381643441640580727e-01
7.441383921184442363e-01
7.403786893823632864e-01
7.463755369427973463e-01
7.426692344574974403e-01
7.097300802399748587e-01
7.158483712445725677e-01
6.926944030515939099e-01
6.402684698525070717e-01
6.367008644352151192e-01
6.233948781693983143e-01
5.905918009919248757e-01
5.480409213923400635e-01
5.348295263984160774e-01
5.509379015617893449e-01
5.182463309436591281e-01
5.246550971005680131e-01
5.310844810702569641e-01
4.984947623575913811e-01
4.952262189205741683e-01
4.822591271564223847e-01
5.083137618877360264e-01
4.758803963487342470e-01
4.922293021715783423e-01
5.184207493727740479e-01
5.153450063396481928e-01
5.318323398169180205e-01
5.288230148933313890e-01
5.063172949883996132e-01
5.033754418392060170e-01
5.297677154873039473e-01
5.073543742656970723e-01
4.556956747859072232e-01
5.114818719251252865e-01
4.794132188134523354e-01
4.864499668212269867e-01
4.544523655464380862e-01
4.615606628022324021e-01
4.686951046045045866e-01
4.563459351595829938e-01
4.537933968520014849e-01
4.805677302323658751e-01
4.878591740053098702e-01
4.658879650175461462e-01
4.927843382460057597e-01
5.001785267860773265e-01
4.587907618399343912e-01
4.662612727049624262e-01
4.933102867622776166e-01
4.813380294653442082e-01
4.498647243286862940e-01
4.574905929166981355e-01
4.261058548325525885e-01
3.751907277072026314e-01
4.317954271884936190e-01
4.884201669303567250e-01
4.767151585821217674e-01
4.552906117779158546e-01
4.827367341261681322e-01
4.906867311992191283e-01
4.889148065230238815e-01
4.481211615669690174e-01
4.073719957337788022e-01
3.764645063495395405e-01
4.041188886538130687e-01
4.123153357898698967e-01
3.521740387950115236e-01
3.604951865910128728e-01
3.883489659746615086e-01
3.771955616084025076e-01
3.953751560111008478e-01
4.038279295488947929e-01
3.928040604261733293e-01
3.720537246766499884e-01
4.001670961545512606e-01
4.283343465259131788e-01
3.686556452599853984e-01
1.527811596207484524e-01
1.517810546585380838e-01
7.074254932017829400e-01
1.546514635848853292e+00
1.691648640960019101e+00
1.115027664649522965e+00
4.599348607777637987e-01
2.834213809435937037e-01
3.315363744767292342e-01
3.113969884302736357e-01
3.206033675733561683e-01
3.395556543838831320e-01
3.195539890414051953e-01
2.897985094201003253e-01
2.990893510818690704e-01
3.280266472695494429e-01
3.180105289002457258e-01
3.372411245587729756e-01
3.663085604912217352e-01
3.173429605986350932e-01
3.367144464308076124e-01
4.049831371801991819e-01
3.854191496759664659e-01
3.952025983781168872e-01
4.050235953717742365e-01
4.344322503615714037e-01
4.248286706661544843e-01
4.543259612128117686e-01
4.741052245322204817e-01
4.548785607533126774e-01
5.040540675982639884e-01
5.435108403775984476e-01
5.244259719854199586e-01
5.151595528947598979e-01
5.352316711530470394e-01
5.455824123777012202e-01
5.462218597518447849e-01
5.566400940201402525e-01
5.573771934847462362e-01
5.289032340013982703e-01
5.395082889756102063e-01
5.208624293590001786e-01
4.729657236457373015e-01
4.739482378691135533e-01
4.652130355982376786e-01
4.370011779348512704e-01
3.990617235102724703e-01
3.904817284824573242e-01
4.112412465331911626e-01
3.832203288653990292e-01
3.943190242005825130e-01
4.054573787763824377e-01
3.775954363442610706e-01
3.790732381673138640e-01
3.708708230182025112e-01
4.017082271772143276e-01
3.740754844304465809e-01
3.952426260681125569e-01
4.262696808829777861e-01
4.280466751689173677e-01
4.494036327195989333e-01
4.512805748272927797e-01
4.336775202818050623e-01
4.356544853695367703e-01
4.669814838726695783e-01
4.495185270684738388e-01
4.028256237287466401e-01
4.635927801193702180e-01
4.365200000000000191e-01
4.485672846238748512e-01
4.215946327377555480e-01
4.337420405819873981e-01
4.459295018906872521e-01
4.386470078920592375e-01
4.411745473088319880e-01
4.730421063588243769e-01
4.854396687556348233e-01
4.685872157094577162e-01
5.006147259280229189e-01
5.131521756176620208e-01
4.769195384845004160e-01
4.895567857357732144e-01
5.217838860812653579e-01
5.150008057348811619e-01
4.887275084163331673e-01
5.015639553529589456e-01
4.754001052816636541e-01
4.297159144509841155e-01
4.915613366232811643e-01
5.534363230770521502e-01
5.469908226093713743e-01
5.308347815384548696e-01
5.635581437063454935e-01
5.767938504817261558e-01
5.803158407628542514e-01
5.448240509806214771e-01
5.093844151017363764e-01
4.837938646320287805e-01
5.167723286198810939e-01
5.302997336597798927e-01
4.754960038959887836e-01
4.891610610263497083e-01
5.223648243062002372e-01
5.165672105524177216e-01
5.401081341475821862e-01
5.539275070442648552e-01
5.482752387694347362e-01
5.329012364289886783e-01
5.663954047124004632e-01
5.999476458974964954e-01
5.456578598553436521e-01
3.351759440552650737e-01
3.395717935699724688e-01
9.006153010808193304e-01
1.745106356883173948e+00
1.895644848891910650e+00
1.324430662647023915e+00
6.747466813193560009e-01
5.036437857164466347e-01
5.571708542885025484e-01
5.424447631344795351e-01
5.570653860082885878e-01
5.814325943251121842e-01
5.668462571678478668e-01
5.425062412936574319e-01
5.572124111406393521e-01
5.915646288346172454e-01
5.869627541960393824e-01
6.116066447469992173e-01
6.460861557183684711e-01
6.025311400570427800e-01
6.273114484333062180e-01
7.009869292483074110e-01
6.868274286416459207e-01
7.020127904990801637e-01
7.172328564603389633e-01
7.520374659270544493e-01
7.478264560707961195e-01
7.827126618412277859e-01
8.078769159743710571e-01
7.940310490009738764e-01
8.485828892550020264e-01
8.934112628822277191e-01
8.796929938489383982e-01
8.757879039507452390e-01
9.012158128215075337e-01
9.169165379423640516e-01
9.228998946508674139e-01
9.386556961502299234e-01
9.447237535186777668e-01
9.215738757189085861e-01
9.374958696076529652e-01
9.241595399453467197e-01
8.815646894059064875e-01
8.878411185866064148e-01
8.843916260180605393e-01
8.614570081743119223e-01
8.287860594830227523e-01
8.254655723357623431e-01
8.514753370984027292e-01
8.286951421216171010e-01
8.450247737514712254e-01
8.613840163401220718e-01
8.387326522566138642e-01
8.454104618977764662e-01
8.423972236992151030e-01
8.784127141464036503e-01
8.559467077858802231e-01
8.822689772365273075e-01
9.184392932009604049e-01
9.253474244770052426e-01
9.518231379692735361e-01
9.588061987008345000e-01
9.462963698249740041e-01
9.533534126370601935e-01
9.897470865864864686e-01
9.773371492887185097e-01
9.356833565374289563e-01
1.001475462316721909e+00
9.794132188134516692e-01
9.964563764296295867e-01
9.744646837949159091e-01
9.915778877792105206e-01
1.008715733505321621e+00
1.006367964361728262e+00
1.013814322015426761e+00
1.050584546424862209e+00
1.067868375852953911e+00
1.055885546880188652e+00
1.092765794417818848e+00
1.110138851721127473e+00
1.078724450402787749e+00
1.096162320446294469e+00
1.133172190219484676e+00
1.131153786488141577e+00
1.109626834429663589e+00
1.127191057646832917e+00
1.105736178181648599e+00
1.064741916529244659e+00
1.131257991651879458e+00
1.197784120993010237e+00
1.195970020491437857e+00
1.184425404595528697e+00
1.221739986277505796e+00
1.239546477047826833e+00
1.247618586969624355e+00
1.216656024673215430e+00
1.185724497370697961e+00
1.164620710870605036e+00
1.202064369592632742e+00
1.220035176582437764e+00
1.169652833526506619e+00
1.187717040767092058e+00
1.225297497317211270e+00
1.223853900875714107e+00
1.251725947842424524e+00
1.269853333333333723e+00
1.268485751195863820e+00
1.257372894024202825e+00
1.295104453174685810e+00
1.332870118781252833e+00
1.282769579770957069e+00
1.076452523879547485e+00
1.084988637667092526e+00
1.650147606533677536e+00
2.498729114735155576e+00
2.653332845398951534e+00
2.086158480539930249e+00
1.440488701076312328e+00
1.273374186845654288e+00
1.330863616620872047e+00
1.320073668126325206e+00
1.338604018053952682e+00
1.366854342079457663e+00
1.356124314878545789e+00
1.335613610143208785e+00
1.354121900598069583e+00
1.392248858016757573e+00
1.391394153238346920e+00
1.419757456183834199e+00
1.457928435872663631e+00
1.418036760439297606e+00
1.446452097149834248e+00
1.523734112418658526e+00
1.513152471825151002e+00
1.531886840130426197e+00
1.550626881294117299e+00
1.588922258491199946e+00
1.588172634128854233e+00
1.626490669863370320e+00
1.655057026617079874e+00
1.644583364595339159e+00
1.702477343303537394e+00
1.750617621564146020e+00
1.740180857533793812e+00
1.739526708720387393e+00
1.768174832000258379e+00
1.787064883635334223e+00
1.796206519290355574e+00
1.815089394050109828e+00
1.824253162436706210e+00
1.804167478426861093e+00
1.823121995469230816e+00
1.812786366501760282e+00
1.773160243969055028e+00
1.782373279839781111e+00
1.781828125624096426e+00
1.761765432391090069e+00
1.731933850786252949e+00
1.731420031048970687e+00
1.760203623030035081e+00
1.740164276209170247e+00
1.759201639712580256e+00
1.778235362330524483e+00
1.758225092534890566e+00
1.767510478496800541e+00
1.767071168104218382e+00
1.805626808979587050e+00
1.785667048497464382e+00
1.814461533802174120e+00
1.853069911825482308e+00
1.862381829304263103e+00
1.891226932798190097e+00
1.900544868707426893e+00
1.890335283290337731e+00
1.899657822681189767e+00
1.938282132907872768e+00
1.928067859909619486e+00
1.888574649554733087e+00
1.956492147658316361e+00
1.936519999999999797e+00
1.955617852341684060e+00
1.935645350445266644e+00
1.954742140090379943e+00
1.973827867092126764e+00
1.973392177318809670e+00
1.982714716709660818e+00
2.021325131292572852e+00
2.040413067201809927e+00
2.030198170695736160e+00
2.068810088174517059e+00
2.087878466197825578e+00
2.058122951502536324e+00
2.077183191020411268e+00
2.115778831895781309e+00
2.115309521503199619e+00
2.095294907465107936e+00
2.114334637669474493e+00
2.094318360287418912e+00
2.054725723790830294e+00
2.122606376969963460e+00
2.190459968951028902e+00
2.189936149213747463e+00
2.179644567608909345e+00
2.218174874375902217e+00
2.237159720160218690e+00
2.246372756030945439e+00
2.216513633498238711e+00
2.186648004530767686e+00
2.166572521573139287e+00
2.205006837563293409e+00
2.223930605949888673e+00
2.174463480709645236e+00
2.193405116364665730e+00
2.231825167999740955e+00
2.231183291279611236e+00
2.259819142466206632e+00
2.278672378435853574e+00
2.277992656696461005e+00
2.267529635404660127e+00
2.305872973382920410e+00
2.344212330136629330e+00
2.294647365871144817e+00
2.088827741508800351e+00
2.097823118705882006e+00
2.663403159869573322e+00
3.512367528174848541e+00
3.667315887581342082e+00
3.100447902850165249e+00
2.455046239560700894e+00
2.288161564127335623e+00
2.345842543816165637e+00
2.335205846761652548e+00
2.353851141983241746e+00
2.382178099401930815e+00
2.371486389856790389e+00
2.350975685121454717e+00
2.369445657920541848e+00
2.407495981946047081e+00
2.406526331873674263e+00
2.434736383379127567e+00
2.472715813154344744e+00
2.432594298923687504e+00
2.460741519460070137e+00
2.537717154601047298e+00
2.526790885264844189e+00
2.545142393466321984e+00
2.563461362332907445e+00
2.601297476120451702e+00
2.600050420229042203e+00
2.637832881218747705e+00
2.665825546825312919e+00
2.654740105975796016e+00
2.711984248804135689e+00
2.759436666666666760e+00
2.748274052157574587e+00
2.746856099124285411e+00
2.774702502682789174e+00
2.792752959232907006e+00
2.801017166473492193e+00
2.818984823417562957e+00
2.827195630407367766e+00
2.806119289129394012e+00
2.824045502629301652e+00
2.812643975326784673e+00
2.771914413030375446e+00
2.779986522952171857e+00
2.778263013722494179e+00
2.756984595404472049e+00
2.725899979508560556e+00
2.724095879006988685e+00
2.751552008348120637e+00
2.730148083470754994e+00
2.747783821818350347e+00
2.765378942353167169e+00
2.743893165570336468e+00
2.751666213511858139e+00
2.749677809780514348e+00
2.786647679553706070e+00
2.765065549597211181e+00
2.792201148278871337e+00
2.829114205582180741e+00
2.836694453119811499e+00
2.863771624147045891e+00
2.871285453575136426e+00
2.859235677984573787e+00
2.866682035638271397e+00
2.903394266494677911e+00
2.891232112220789574e+00
2.849755316205083489e+00
2.915653623570369835e+00
2.893626781186547259e+00
2.910634537683276957e+00
2.888536643462570996e+00
2.905472850711281030e+00
2.922362913413513397e+00
2.919696587362939688e+00
2.926753630175025656e+00
2.963063801299166133e+00
2.979816862030725488e+00
2.967232575522994686e+00
3.003440706799039184e+00
3.020071022763472168e+00
2.987843292214118929e+00
3.004397285853595889e+00
3.040452776300785143e+00
3.037409538102222584e+00
3.014787347743385748e+00
3.031185983659878680e+00
3.008495226248528720e+00
2.966194857878382329e+00
3.031334662901596921e+00
3.096414427664238023e+00
3.093083940516976771e+00
3.079952991825686937e+00
3.115611373981939991e+00
3.131691881413393830e+00
3.137968310594092536e+00
3.105140460054653051e+00
3.072274130392346869e+00
3.049166124281090795e+00
3.084536246481321520e+00
3.100364303849770131e+00
3.047770105349132841e+00
3.063553462057635013e+00
3.098784187178491578e+00
3.094922096049255167e+00
3.120307006151061380e+00
3.135878737117772097e+00
3.131887110744997926e+00
3.118081950999025409e+00
3.153053084025629005e+00
3.187990338158771308e+00
3.134993543929204041e+00
2.925712534072944848e+00
2.931217143539660341e+00
3.493277209500919689e+00
4.338692571358354400e+00
4.490063070751692642e+00
3.919588551566692836e+00
3.270551859942957051e+00
3.100003844281631338e+00
3.153993355253000619e+00
3.139637245803960752e+00
3.154535371165382518e+00
3.179087588859360380e+00
3.164593758706342186e+00
3.140253742832151751e+00
3.154867405674887770e+00
3.189034613991712064e+00
3.184155236865519711e+00
3.208429145711497288e+00
3.242446214283553285e+00
3.198336318680644386e+00
3.222469337352976027e+00
3.295405151108088848e+00
3.280413643116825817e+00
3.294674698919180411e+00
3.308878206430027280e+00
3.342574055944735001e+00
3.337162140144656064e+00
3.370755354102503265e+00
3.394534595287599377e+00
3.379211763571011495e+00
3.432194761230565216e+00
3.475362492955734517e+00
3.459891865852418036e+00
3.454142789447582462e+00
3.477635175693799319e+00
3.491308938973650022e+00
3.495173996104011138e+00
3.508720266340220384e+00
3.512487671380118748e+00
3.486946135367971600e+00
3.500385584898263680e+00
3.484475949019377961e+00
3.439217159237145438e+00
3.442739149518273756e+00
3.436444856293654482e+00
3.410575218461544988e+00
3.374879177390628371e+00
3.368443676922947994e+00
3.391248663376718930e+00
3.365174085549015537e+00
3.378119894718336624e+00
3.391006044647040696e+00
3.364792491583666667e+00
3.367819194265118554e+00
3.361066113918734555e+00
3.393253214264227324e+00
3.366870461515499180e+00
3.389187824382338121e+00
3.421265274071977114e+00
3.423992784290541991e+00
3.446200331244365422e+00
3.448827893641175368e+00
3.431875452691167894e+00
3.434402992107940644e+00
3.466180498109312502e+00
3.449067959418012919e+00
3.402625367262244183e+00
3.463542715376124903e+00
3.436519999999999797e+00
3.448517219880629980e+00
3.421394376271253535e+00
3.433291472931526034e+00
3.445128516127330620e+00
3.437395514630463111e+00
3.439372479718195041e+00
3.470589425172707188e+00
3.482236367280401090e+00
3.464533324831082783e+00
3.495610319117022247e+00
3.507097373931887585e+00
3.469714515569553903e+00
3.481101772822785101e+00
3.511979176981797401e+00
3.503746761832686296e+00
3.475924563655738986e+00
3.487112621223617648e+00
3.459200975799417321e+00
3.411669671134601067e+00
3.471568753466808932e+00
3.531398271517542931e+00
3.522808276489727497e+00
3.504408822065148588e+00
3.534789964401762408e+00
3.545584762130886691e+00
3.546567276354262610e+00
3.508437570641000036e+00
3.470261711024389406e+00
3.441836765998601777e+00
3.471882806515253606e+00
3.482379905979859913e+00
3.424448140248155248e+00
3.434887587622299066e+00
3.464768328846952627e+00
3.455550447105240064e+00
3.475574028014580374e+00
3.485779159622401924e+00
3.476415932401736075e+00
3.457234439246687163e+00
3.486824775467780135e+00
3.516377038787188436e+00
3.457991329333845343e+00
3.243317749638428449e+00
3.243426404628225512e+00
3.800087401621883298e+00
4.640100850324033743e+00
4.786066862819801315e+00
4.210185553569191441e+00
3.555740039401364960e+00
3.379781439508779073e+00
3.428358875441227305e+00
3.408589471099754409e+00
3.418073352730450321e+00
3.437210648918131106e+00
3.417301490579899959e+00
3.387546010958594422e+00
3.396744345616117489e+00
3.425496632426644705e+00
3.415203011569726499e+00
3.434063625523270602e+00
3.462668619056406438e+00
3.413148139222236921e+00
3.431872335350477421e+00
3.499401359039981063e+00
3.479005364151146917e+00
3.487864506798216802e+00
3.496668945341462553e+00
3.524968840379252288e+00
3.514164354740014318e+00
3.542368653474086582e+00
3.560762903845449134e+00
3.540059275323351073e+00
3.587665939573827067e+00
3.625462070451105578e+00
3.604624843988899485e+00
3.593514438391597565e+00
3.611651034025339158e+00
3.619974813408987746e+00
3.618495961204988731e+00
3.626704664210131046e+00
3.625141111346186662e+00
3.594275493650461506e+00
3.602398004266221143e+00
3.581178838433031419e+00
3.530618193476975808e+00
3.528846268800781782e+00
3.517266265873831621e+00
3.486119388222084670e+00
3.445154841417877645e+00
3.433459833069643530e+00
3.451014572811507808e+00
3.419699272292797687e+00
3.427414145167448023e+00
3.435079407083302172e+00
3.403655275671314762e+00
3.401481970534656174e+00
3.389539713237722296e+00
3.416548727295038113e+00
3.384999238160065094e+00
3.402161473213922704e+00
3.429095661753994051e+00
3.426692034982454338e+00
3.443780825994689820e+00
3.441302269767634314e+00
3.419256603147999396e+00
3.416704064840417221e+00
3.443414895395495279e+00
3.421249337197767915e+00
3.369767634453562533e+00
3.425660033178773212e+00
3.393626781186547259e+00
3.400628128074874912e+00
3.368524325214093729e+00
3.375455625734303133e+00
3.382342284512696917e+00
3.369674558160794309e+00
3.366732705011600046e+00
3.393046985106668689e+00
3.399807660183082891e+00
3.377234993660351847e+00
3.403459250627225430e+00
3.410110697828421689e+00
3.367909603651266792e+00
3.374496238112263846e+00
3.400590872843576751e+00
3.387593781079425881e+00
3.355025237642409230e+00
3.361485518929743677e+00
3.328864902899432376e+00
3.276643669056340968e+00
3.331872098438211527e+00
3.387050473601584066e+00
3.373829078607661458e+00
3.350818199008075204e+00
3.376608121830602549e+00
3.382832135564784792e+00
3.379264530147493950e+00
3.336605596948406305e+00
3.293921628755426489e+00
3.261009919760025078e+00
3.286590765542503512e+00
3.292644463057202486e+00
3.230291310617637635e+00
3.236331607881555605e+00
3.261835655835942482e+00
3.248263756781944345e+00
3.263956214319737814e+00
3.269853333333333278e+00
3.256205419975306992e+00
3.232762781651472128e+00
3.258115727005494566e+00
3.283454565903431988e+00
3.220879609418232370e+00
3.002041169814145150e+00
2.998009560531105677e+00
3.550555096169025759e+00
4.386478092472051671e+00
4.528378866312760209e+00
3.948457735676286440e+00
3.289998019644409410e+00
3.110051038379570976e+00
3.154666113108857139e+00
3.130960566107909404e+00
3.136534720684786670e+00
3.151788901163785628e+00
3.128023432869202036e+00
3.094438642109043514e+00
3.099834856158688368e+00
3.124812403244503933e+00
3.110771612527419627e+00
3.125912814086436065e+00
3.150826338902110280e+00
3.097642518839981207e+00
3.112731686633950723e+00
3.176654175869629615e+00
3.152680320967641059e+00
3.157990457166871323e+00
3.163274920507685550e+00
3.188084047815106459e+00
3.173818176681955094e+00
3.198590645451945047e+00
3.213582793202740984e+00
3.189506959728985347e+00
3.233771485525291922e+00
3.268255711769187499e+00
3.244136980304045181e+00
3.229775633621954078e+00
3.244692014846589423e+00
3.249826467716017575e+00
3.245189336565501126e+00
3.250270966310249587e+00
3.245611702428159440e+00
3.211681890942508666e+00
3.216771878404643292e+00
3.192552011876617080e+00
3.139022638913826935e+00
3.134314107547605754e+00
3.119829766267796067e+00
3.085810964005308410e+00
3.042007050114648781e+00
3.027505374356433965e+00
3.042286286879874790e+00
3.008230138205244764e+00
3.013237279206337327e+00
3.018228061092899761e+00
2.984162835393037394e+00
2.979381953935631877e+00
2.964865768832718906e+00
2.989334632461853936e+00
2.955278897448482489e+00
2.969968916648277002e+00
2.994465043129472814e+00
2.989657630155197587e+00
3.004377031165775147e+00
2.999563599761040589e+00
2.975217689682635225e+00
2.970399654796286981e+00
2.994879849074107980e+00
2.970518626576868382e+00
2.916876341436257736e+00
2.970643347837180759e+00
2.936520000000000241e+00
2.941466652162819884e+00
2.907343658563743105e+00
2.912291373423134377e+00
2.917230150925891330e+00
2.902650345203714011e+00
2.897832310317365767e+00
2.922306400238958268e+00
2.927262968834225543e+00
2.902922369844803452e+00
2.927414956870529661e+00
2.932371083351725360e+00
2.888511102551518217e+00
2.893475367538147047e+00
2.917984231167281894e+00
2.903438046064366951e+00
2.869357164606963551e+00
2.874341938907102545e+00
2.840282720793661841e+00
2.786659861794756221e+00
2.840523713120125748e+00
2.894374625643566734e+00
2.879862949885351853e+00
2.855599035994692336e+00
2.880173233732206572e+00
2.885218892452395156e+00
2.880510361086171756e+00
2.836747988123383468e+00
2.792998121595357208e+00
2.759058109057490604e+00
2.783648297571843067e+00
2.788749033689751133e+00
2.725480663434501238e+00
2.730643532283983266e+00
2.755307985153411465e+00
2.740934366378046327e+00
2.755863019695955707e+00
2.761034288230811651e+00
2.746698514474710695e+00
2.722606040271015715e+00
2.747347206797259744e+00
2.772112354548055713e+00
2.709001823318044178e+00
2.489665952184894060e+00
2.485175079492316641e+00
3.037299542833129529e+00
3.872839679032359594e+00
4.014395824130371437e+00
3.434168313366050107e+00
2.775440481160019512e+00
2.595263661097888530e+00
2.639687185913563106e+00
2.615828387472582506e+00
2.621287596755496718e+00
2.636465143841314251e+00
2.612661357890956992e+00
2.579076567130797137e+00
2.584511098836215215e+00
2.609565279315215758e+00
2.595639433892091397e+00
2.610933886891143363e+00
2.636038961620429610e+00
2.583084980355591309e+00
2.598442264323713946e+00
2.662671133687239067e+00
2.639041907527950315e+00
2.644734903830976425e+00
2.650440439468894738e+00
2.675708830185855369e+00
2.661940390581768234e+00
2.687248434096566996e+00
2.702814272994507938e+00
2.679350218348528490e+00
2.724264580024693405e+00
2.759436666666667204e+00
2.736043785680262630e+00
2.722446243218057838e+00
2.738164344164057962e+00
2.744138392118443459e+00
2.740378689382364286e+00
2.746375536942798234e+00
2.742669234457497218e+00
2.709730080239975969e+00
2.715848371244572679e+00
2.692694403051592911e+00
2.640268469852508293e+00
2.636700864435215674e+00
2.623394878169397870e+00
2.590591800991925542e+00
2.548040921392339175e+00
2.534829526398416633e+00
2.550937901561789012e+00
2.518246330943658240e+00
2.524655097100569456e+00
2.531084481070256853e+00
2.498494762357591270e+00
2.495226218920574279e+00
2.482259127156422274e+00
2.508313761887735360e+00
2.475880396348734802e+00
2.492229302171578897e+00
2.518420749372774825e+00
2.515345006339648748e+00
2.531832339816917798e+00
2.528823014893331944e+00
2.506317294988399169e+00
2.503375441839204907e+00
2.529767715487304613e+00
2.507354374265697405e+00
2.455695674785906668e+00
2.511481871925125287e+00
2.479413218813451891e+00
2.486449966821226987e+00
2.454452365546439196e+00
2.461560662802232180e+00
2.468695104604505364e+00
2.456345935159583327e+00
2.453793396852001152e+00
2.480567730232365875e+00
2.487859174005309093e+00
2.465887965017545813e+00
2.492784338246006648e+00
2.500178526786077438e+00
2.458790761839935168e+00
2.466261272704962426e+00
2.493310286762277173e+00
2.481338029465345318e+00
2.449864724328687071e+00
2.457490592916698358e+00
2.426105854832552478e+00
2.375190727707202853e+00
2.431795427188492731e+00
2.488420166930356725e+00
2.476715158582121656e+00
2.455290611777916965e+00
2.482736734126168798e+00
2.490686731199218684e+00
2.488914806523024659e+00
2.448121161566968684e+00
2.407371995733778469e+00
2.376464506349539985e+00
2.404118888653813624e+00
2.412315335789869675e+00
2.352174038795011857e+00
2.360495186591012651e+00
2.388348965974661287e+00
2.377195561608402841e+00
2.395375156011100071e+00
2.403827929548895792e+00
2.392804060426173329e+00
2.372053724676649544e+00
2.400167096154551594e+00
2.428334346525912846e+00
2.368655645259984954e+00
2.152781159620748674e+00
2.151781054658537862e+00
2.707425493201783606e+00
3.546514635848853736e+00
3.691648640960019101e+00
3.115027664649522965e+00
2.459934860777763355e+00
2.283421380943593704e+00
2.331536374476729456e+00
2.311396988430273858e+00
2.320603367573355946e+00
2.339555654383882910e+00
2.319553989041405195e+00
2.289798509420100991e+00
2.299089351081869737e+00
2.328026647269549887e+00
2.318010528900245948e+00
2.337241124558772754e+00
2.366308560491221513e+00
2.317342960598635315e+00
2.336714446430807612e+00
2.404983137180198849e+00
2.385419149675966910e+00
2.395202598378117109e+00
2.405023595371774903e+00
2.434432250361571626e+00
2.424828670666153929e+00
2.454325961212812324e+00
2.474105224532221037e+00
2.454878560753313010e+00
2.504054067598264322e+00
2.543510840377598115e+00
2.524425971985420070e+00
2.515159552894759898e+00
2.535231671153047373e+00
2.545582412377701775e+00
2.546221859751844896e+00
2.556640094020139919e+00
2.557377193484746236e+00
2.528903234001398381e+00
2.539508288975610206e+00
2.520862429359000068e+00
2.472965723645737413e+00
2.473948237869113775e+00
2.465213035598237568e+00
2.437001177934851270e+00
2.399061723510272248e+00
2.390481728482457324e+00
2.411241246533191607e+00
2.383220328865399473e+00
2.394319024200582735e+00
2.405457378776381994e+00
2.377595436344261071e+00
2.379073238167313864e+00
2.370870823018202511e+00
2.401708227177214994e+00
2.374075484430446359e+00
2.395242626068112557e+00
2.426269680882978008e+00
2.428046675168917368e+00
2.449403632719599155e+00
2.451280574827292558e+00
2.433677520281805062e+00
2.435654485369536992e+00
2.466981483872669578e+00
2.449518527068474061e+00
2.402825623728746418e+00
2.463592780119370218e+00
2.436519999999999797e+00
2.448567284623874851e+00
2.421594632737755770e+00
2.433742040581987176e+00
2.445929501890687252e+00
2.438647007892059015e+00
2.441174547308832210e+00
2.473042106358824377e+00
2.485439668755634379e+00
2.468587215709457716e+00
2.500614725928022697e+00
2.513152175617662021e+00
2.476919538484500638e+00
2.489556785735772770e+00
2.521783886081265358e+00
2.515000805734881162e+00
2.488727508416332945e+00
2.501563955352958946e+00
2.475400105281663432e+00
2.429715914450984116e+00
2.491561336623281164e+00
2.553436323077052261e+00
2.546990822609371374e+00
2.530834781538454870e+00
2.563558143706345493e+00
2.576793850481725823e+00
2.580315840762854585e+00
2.544824050980621699e+00
2.509384415101735932e+00
2.483793864632028559e+00
2.516772328619881094e+00
2.530299733659779449e+00
2.475496003895989006e+00
2.489161061026349486e+00
2.522364824306200237e+00
2.516567210552417500e+00
2.540108134147581964e+00
2.553927507044265077e+00
2.548275238769434736e+00
2.532901236428988234e+00
2.566395404712400463e+00
2.599947645897496606e+00
2.545657859855343652e+00
2.335175944055264630e+00
2.339571793569971803e+00
2.900615301080819108e+00
3.745106356883173948e+00
3.895644848891910872e+00
3.324430662647023915e+00
2.674746681319355446e+00
2.503643785716445969e+00
2.557170854288502326e+00
2.542444763134479757e+00
2.557065386008288144e+00
2.581432594325112184e+00
2.566846257167846979e+00
2.542506241293656988e+00
2.557212411140639574e+00
2.591564628834616801e+00
2.586962754196039160e+00
2.611606644746999883e+00
2.646086155718368360e+00
2.602531140057043224e+00
2.627311448433306662e+00
2.700986929248306634e+00
2.686827428641645810e+00
2.702012790499079387e+00
2.717232856460339629e+00
2.752037465927054782e+00
2.747826456070795231e+00
2.782712661841227675e+00
2.807876915974370835e+00
2.794031049000973432e+00
2.848582889255002026e+00
2.893411262882228385e+00
2.879692993848938176e+00
2.875787903950744351e+00
2.901215812821507090e+00
2.916916537942364052e+00
2.922899894650867303e+00
2.938655696150229257e+00
2.944723753518678322e+00
2.921573875718909363e+00
2.937495869607651855e+00
2.924159539945346609e+00
2.881564689405907043e+00
2.887841118586605749e+00
2.884391626018060428e+00
2.861457008174312033e+00
2.828786059483022974e+00
2.825465572335761788e+00
2.851475337098402285e+00
2.828695142121616879e+00
2.845024773751471336e+00
2.861384016340120962e+00
2.838732652256614308e+00
2.845410461897777132e+00
2.842397223699213882e+00
2.878412714146403761e+00
2.855946707785879113e+00
2.882268977236527085e+00
2.918439293200960627e+00
2.925347424477005021e+00
2.951823137969274313e+00
2.958806198700833612e+00
2.946296369824973116e+00
2.953353412637059972e+00
2.989747086586486802e+00
2.977337149288718621e+00
2.935683356537428956e+00
3.001475462316723242e+00
2.979413218813451447e+00
2.996456376429629476e+00
2.974464683794915132e+00
2.991577887779210077e+00
3.008715733505321843e+00
3.006367964361728262e+00
3.013814322015425873e+00
3.050584546424862875e+00
3.067868375852953022e+00
3.055885546880188208e+00
3.092765794417819514e+00
3.110138851721127917e+00
3.078724450402788637e+00
3.096162320446292693e+00
3.133172190219484676e+00
3.131153786488141133e+00
3.109626834429662701e+00
3.127191057646832917e+00
3.105736178181649709e+00
3.064741916529244214e+00
3.131257991651878569e+00
3.197784120993010681e+00
3.195970020491437857e+00
3.184425404595528253e+00
3.221739986277504908e+00
3.239546477047827722e+00
3.247618586969625021e+00
3.216656024673214098e+00
3.185724497370697517e+00
3.164620710870605258e+00
3.202064369592631632e+00
3.220035176582437320e+00
3.169652833526507951e+00
3.187717040767092502e+00
3.225297497317209938e+00
3.223853900875712775e+00
3.251725947842424524e+00
3.269853333333333723e+00
3.268485751195863376e+00
3.257372894024203269e+00
3.295104453174687364e+00
3.332870118781251279e+00
3.282769579770957069e+00
3.076452523879547929e+00
3.084988637667092082e+00
3.650147606533678424e+00
4.498729114735155576e+00
4.653332845398951534e+00
4.086158480539928917e+00
3.440488701076310996e+00
3.273374186845654066e+00
3.330863616620872492e+00
3.320073668126325206e+00
3.338604018053953126e+00
3.366854342079458995e+00
3.356124314878544013e+00
3.335613610143208785e+00
3.354121900598068695e+00
3.392248858016757573e+00
3.391394153238347364e+00
3.419757456183833977e+00
3.457928435872662742e+00
3.418036760439298050e+00
3.446452097149833360e+00
3.523734112418658082e+00
3.513152471825151668e+00
3.531886840130426197e+00
3.550626881294117965e+00
3.588922258491198392e+00
3.588172634128853566e+00
3.626490669863370098e+00
3.655057026617078542e+00
3.644583364595339159e+00
3.702477343303538948e+00
3.750617621564145576e+00
3.740180857533792480e+00
3.739526708720388282e+00
3.768174832000257712e+00
3.787064883635334223e+00
3.796206519290354020e+00
3.815089394050110716e+00
3.824253162436706877e+00
3.804167478426859539e+00
3.823121995469231038e+00
3.812786366501760504e+00
3.773160243969053695e+00
3.782373279839781777e+00
3.781828125624097758e+00
3.761765432391090069e+00
3.731933850786251838e+00
3.731420031048969577e+00
3.760203623030034858e+00
3.740164276209169802e+00
3.759201639712580256e+00
3.778235362330524705e+00
3.758225092534892120e+00
3.767510478496798765e+00
3.767071168104218160e+00
3.805626808979587938e+00
3.785667048497463050e+00
3.814461533802174564e+00
3.853069911825482308e+00
3.862381829304262215e+00
3.891226932798188987e+00
3.900544868707425561e+00
3.890335283290337287e+00
3.899657822681190655e+00
3.938282132907872324e+00
3.928067859909620374e+00
3.888574649554734641e+00
3.956492147658314362e+00
