3.936519999999999797e+00
3.934307982013491856e+00
3.893061856215741301e+00
3.890921515091534388e+00
3.888806851447721868e+00
3.867207758412250396e+00
3.855404129433202876e+00
3.872925858277838085e+00
3.870962839031637071e+00
3.839734966097346991e+00
3.857372134194032576e+00
3.855504238356127988e+00
3.804851173932492170e+00
3.803052836585466778e+00
3.820829122289937985e+00
3.799579927332399798e+00
3.758825148310018793e+00
3.757164682129707778e+00
3.716488426007193091e+00
3.656276277466093294e+00
3.703578134336994676e+00
3.750893894756532898e+00
3.729873457166475337e+00
3.699126720312807759e+00
3.717243583244822958e+00
3.715856945314211401e+00
3.704740706174157072e+00
3.654594765778432119e+00
3.604485024380498448e+00
3.564208382532608965e+00
3.582484741084912550e+00
3.581294001184561981e+00
3.511756064274824674e+00
3.510670832094194171e+00
3.529108206675507287e+00
3.508528090345062633e+00
3.517270385721739334e+00
3.516274995716123897e+00
3.495791823529633024e+00
3.465570772653645548e+00
3.484201746868629712e+00
3.502874650243283483e+00
3.433689387133664450e+00
3.208295862182332758e+00
3.197763980317493093e+00
3.743863646752137786e+00
4.573394766983193804e+00
4.708957246790671292e+00
4.122750992236819734e+00
3.458058909665277625e+00
3.271931905700231180e+00
3.310418887245575092e+00
3.280636761484073904e+00
3.280185435876525890e+00
3.289464818160932058e+00
3.259774816351663329e+00
3.220315338738635180e+00
3.219886293886479400e+00
3.239087590633725533e+00
3.219319138091975230e+00
3.228780845645088160e+00
3.248062622948364009e+00
3.189294379927730461e+00
3.198846026778934704e+00
3.257277473966729175e+00
3.227858632224073432e+00
3.227769412551324102e+00
3.227699726215437437e+00
3.247199484749170750e+00
3.227668599950284101e+00
3.247219983880748284e+00
3.257034548865953560e+00
3.227824207493918518e+00
3.266996872614506220e+00
3.296431457338636406e+00
3.267304875037508438e+00
3.247977039341815253e+00
3.257967864140970615e+00
3.258217263582335210e+00
3.248735152070438392e+00
3.249011444266213910e+00
3.239586055086225880e+00
3.200928899701909192e+00
3.201329893538801485e+00
3.172458952275784672e+00
3.114315991844323950e+00
3.105030928427712222e+00
3.086006678460316621e+00
3.047484158626824424e+00
2.999212285861495353e+00
2.980277977347412399e+00
2.990661150515736999e+00
2.952241723044965571e+00
2.952919612860189336e+00
2.953614738132355644e+00
2.915287017277530701e+00
2.906276368956165257e+00
2.887562712072364146e+00
2.907865965773154482e+00
2.869676049447759336e+00
2.880262882726871698e+00
2.900686385481930252e+00
2.891836477824400120e+00
2.902543080105053352e+00
2.893746112913250457e+00
2.865445497076227088e+00
2.856701153658381731e+00
2.877283003960564578e+00
2.849050969519369314e+00
2.791564972106428399e+00
2.841514933727704584e+00
2.803600776622795721e+00
2.804782423264228886e+00
2.766919796356767325e+00
2.768152818836708828e+00
2.769401413871199757e+00
2.751155504857537348e+00
2.742695015422483173e+00
2.763549869421575877e+00
2.764909990938444029e+00
2.736995304284123964e+00
2.757935733996380367e+00
2.759361204839023252e+00
2.711991641801233754e+00
2.713466970096889419e+00
2.734507115163888891e+00
2.716512002663481251e+00
2.679001558479598533e+00
2.680575708718188288e+00
2.643124379706546900e+00
2.586127497992658508e+00
2.636634990344532525e+00
2.687146783749545520e+00
2.669312805413783352e+00
2.641742982761386749e+00
2.663027243433897517e+00
2.664798515289607650e+00
2.656830726402909626e+00
2.609823805063649527e+00
2.562843679776482642e+00
2.525687279260226958e+00
2.547074532447224815e+00
2.548985368482702185e+00
2.482539716724129875e+00
2.484537506740589929e+00
2.506048668312138794e+00
2.488533131429178535e+00
2.500330826291824682e+00
2.502381683309279126e+00
2.484935633099203400e+00
2.457742606487093529e+00
2.479392534505656887e+00
2.501075348394195874e+00
2.434890979597983840e+00
2.212489359767649155e+00
2.204940420758563224e+00
2.754014094630223841e+00
3.586510313645644654e+00
3.725029010270747065e+00
3.141770117173749099e+00
2.480016567224563317e+00
2.296819293494189562e+00
2.338227229254114636e+00
2.311357307975709929e+00
2.313809463329634664e+00
2.325983629185237156e+00
2.299179739609960471e+00
2.262597728868750213e+00
2.265037531423458539e+00
2.287099081932261413e+00
2.270182315249063443e+00
2.282487166422916935e+00
2.304603570697432158e+00
2.248661463510200242e+00
2.261030780492208070e+00
2.322271457467260269e+00
2.295653430451401356e+00
2.298356635652341495e+00
2.301071009468878437e+00
2.323346488490329431e+00
2.306583009495958514e+00
2.328893509454407429e+00
2.341458925523128176e+00
2.314991195047818806e+00
2.356898255561858058e+00
2.389059044785743602e+00
2.362650500626533034e+00
2.346032561177281206e+00
2.358725164716486855e+00
2.361668249707536305e+00
2.354871754798148142e+00
2.357825618819822555e+00
2.351069780787289787e+00
2.315074179897961937e+00
2.318128755531385199e+00
2.291903447248695880e+00
2.236398194792073024e+00
2.229742938084200432e+00
2.213340617227722351e+00
2.177432172504706553e+00
2.131766544376105799e+00
2.115430673481221824e+00
2.128404500637173236e+00
2.092567966838359883e+00
2.095821013255932730e+00
2.099083581237266127e+00
2.063315612305428370e+00
2.056857048158654777e+00
2.040687830669824177e+00
2.063527901885936267e+00
2.027867204027588688e+00
2.040975679488457484e+00
2.063913270834778046e+00
2.057569920804830588e+00
2.070775572308421353e+00
2.064470168426371544e+00
2.038653652410002959e+00
2.032385967680629957e+00
2.055437057829047287e+00
2.029666866615023491e+00
1.974635337966796689e+00
2.027032415980566604e+00
1.991558044919993220e+00
1.995172169215696067e+00
1.959734733464751466e+00
1.963385682430196733e+00
1.967044961040530948e+00
1.951202514389220655e+00
1.945138287734204718e+00
1.968382226497402465e+00
1.972124276264221709e+00
1.946584382783070444e+00
1.969892491964865933e+00
1.973678549882550648e+00
1.928662502770605691e+00
1.932484297024566811e+00
1.955863879200541833e+00
1.940201196014730733e+00
1.905016194342944891e+00
1.908908821220129282e+00
1.873769023839886749e+00
1.819076749554000783e+00
1.871881945871963993e+00
1.924684560460503624e+00
1.909134541143111985e+00
1.883841835899576322e+00
1.907396392865510437e+00
1.911431160331888091e+00
1.905720086744577824e+00
1.860963120703879037e+00
1.816226210964058785e+00
1.781306306432891118e+00
1.804923356171197035e+00
1.809057309392386070e+00
1.744828115461999340e+00
1.749035723897253591e+00
1.772750084366586876e+00
1.757431146689205637e+00
1.771418860834633735e+00
1.775653176922260768e+00
1.760384045220894089e+00
1.735361416148311520e+00
1.759175240270814067e+00
1.783015468302781903e+00
1.718982051106230813e+00
1.498724939690368796e+00
1.493314085211157050e+00
2.044519438970867853e+00
2.879140952417649224e+00
3.019778577145086018e+00
2.438632264891764656e+00
1.778984967540838014e+00
1.597887637119594473e+00
1.641389225799024354e+00
1.616606685893390294e+00
1.621139969859796803e+00
1.635389030297764501e+00
1.610653819948801857e+00
1.576134291695980405e+00
1.580630398563510619e+00
1.604742093716318818e+00
1.589869330459626751e+00
1.604212062238530079e+00
1.628360242637580058e+00
1.574443825380365647e+00
1.588832764329096481e+00
1.652087013484189182e+00
1.627476526983851368e+00
1.632181259103670623e+00
1.636891164256201181e+00
1.661156196990555944e+00
1.646376311991995189e+00
1.670664464081520251e+00
1.685201608215466385e+00
1.660699699485096437e+00
1.704566693116198683e+00
1.738681544468682283e+00
1.714221209036175919e+00
1.699545642445627669e+00
1.714174800456904846e+00
1.719048638962396458e+00
1.714177113986615986e+00
1.719050181685806145e+00
1.714207798347542999e+00
1.680119920390344079e+00
1.685076504363275163e+00
1.660747506945559504e+00
1.607132884946187890e+00
1.602362595303529869e+00
1.587839595084946875e+00
1.553804841486404298e+00
1.510007291832088372e+00
1.495533903574019829e+00
1.510364634291672781e+00
1.476379441691591854e+00
1.481478283607011948e+00
1.486581117997478829e+00
1.452647902948470682e+00
1.448018596671020619e+00
1.433673157501341056e+00
1.458331543900448279e+00
1.424483714453788297e+00
1.439399627870865839e+00
1.464139242984870304e+00
1.459592518752307333e+00
1.474589414252627684e+00
1.470069888687860482e+00
1.446033901382245412e+00
1.441541411781866122e+00
1.466362379454285492e+00
1.442356764088182919e+00
1.389084525492989330e+00
1.443235623598527972e+00
1.409510018454651625e+00
1.414867670230884222e+00
1.381168539216061308e+00
1.386552585817975025e+00
1.391939770563014100e+00
1.377820054095812985e+00
1.373473397178893052e+00
1.398429760692313284e+00
1.403879105633315305e+00
1.380041393115975623e+00
1.405046584370851503e+00
1.410524640744635239e+00
1.367195523699806126e+00
1.372699194814281043e+00
1.397755615781071992e+00
1.383764748407938283e+00
1.350246554617045902e+00
1.355800996444621376e+00
1.322318036040613487e+00
1.269277635668349502e+00
1.323729757704199095e+00
1.378174364637231086e+00
1.364261419068880654e+00
1.340600883712609326e+00
1.365782721393571597e+00
1.371439895048277791e+00
1.367346367724264322e+00
1.324202102579756346e+00
1.281073062883341329e+00
1.247756212013633403e+00
1.272971513458948101e+00
1.278698930816970725e+00
1.216058427794430408e+00
1.221849968206772719e+00
1.247143515977834793e+00
1.233399035139518762e+00
1.248956489831470895e+00
1.254755844300756262e+00
1.241047062901538434e+00
1.217580110094758084e+00
1.242944950447813612e+00
1.268331548634241246e+00
1.205839869433398936e+00
9.871198777301467553e-01
9.832415385145339970e-01
1.535974816881480631e+00
2.372119678030466083e+00
2.514276087265215232e+00
1.934644009993385261e+00
1.276506411726253898e+00
1.096914258078411697e+00
1.141916514767449709e+00
1.118630147613653314e+00
1.124655122539691909e+00
1.140391405570313932e+00
1.117138962832042282e+00
1.084097760552865886e+00
1.090067765061940142e+00
1.115648942789279285e+00
1.102241260265458989e+00
1.118044684121310306e+00
1.143649181087623923e+00
1.091184717994847064e+00
1.107021261772787257e+00
1.171718779450314107e+00
1.148547238155061656e+00
1.154686605113133702e+00
1.160826847648808613e+00
1.186517933184244145e+00
1.173159829239186713e+00
1.198865503430675661e+00
1.214815923472755355e+00
1.191723057176180989e+00
1.236994872448132776e+00
1.272510337291923532e+00
1.249446419806713449e+00
1.236163088187220760e+00
1.252180310723437717e+00
1.258438055800342736e+00
1.254946291897618416e+00
1.261194987589365546e+00
1.257724111543822687e+00
1.225003632523080865e+00
1.231323519382806708e+00
1.208353741071957810e+00
1.156094266632506695e+00
1.152675065199159743e+00
1.139499105999081552e+00
1.106807358351615589e+00
1.064348791668010996e+00
1.051210375451143930e+00
1.067372079295246357e+00
1.034713872885629105e+00
1.041135725998413086e+00
1.047557608500252924e+00
1.014939490348068407e+00
1.011621341588774481e+00
9.985831323590093067e-01
1.024544832884867862e+00
9.919964134816321444e-01
1.008207844553505872e+00
1.034239096593346119e+00
1.030980140182399696e+00
1.047260945990035941e+00
1.044021484773486330e+00
1.021261727377577477e+00
1.018041644734471118e+00
1.044131207863401301e+00
1.021390387870415584e+00
9.693791559481110820e-01
1.024787483375380059e+00
9.923153415171472869e-01
9.989227018241148004e-01
9.664695358325039454e-01
9.730958151637998377e-01
9.797215115244946038e-01
9.668365967058349941e-01
9.637210425835660565e-01
9.899048211176798562e-01
9.965779043521622027e-01
9.739602644147417054e-01
1.000181873516637232e+00
1.006872703952310655e+00
9.647527280992148624e-01
9.714619184175466993e-01
9.977202474499982099e-01
9.849276878215105224e-01
9.526042122390258049e-01
9.593497934912443847e-01
9.270544044483763901e-01
8.751980180619004512e-01
9.308306073643186629e-01
9.864521454689150204e-01
9.737126055695117799e-01
9.512219609402304821e-01
9.775701849352488315e-01
9.843902509885632535e-01
9.814561326137484221e-01
9.394678034037187153e-01
8.974912370304919396e-01
8.653234072449506042e-01
8.916842878766076952e-01
8.985538528333685271e-01
8.370520761012988364e-01
8.439789317443882055e-01
8.704043939043182299e-01
8.577884368002287596e-01
8.744710347284870844e-01
8.813921620624547426e-01
8.688017932522590359e-01
8.464499028245612289e-01
8.729264653823287645e-01
8.994214556046052911e-01
8.380348482462842696e-01
6.204166181378801825e-01
6.176367401853036787e-01
1.171465189369633952e+00
2.008701940746895342e+00
2.151946969447831481e+00
1.573400250677682077e+00
9.163447597159593006e-01
7.378314719162266666e-01
7.839093627058749680e-01
7.616954075859034834e-01
7.687895821306972577e-01
7.855918619878093923e-01
7.634022228777399555e-01
7.314206405937192512e-01
7.384470910014883094e-01
7.650815500390829582e-01
7.527239937166162465e-01
7.695743981160637626e-01
7.962227393910467077e-01
7.447989937666191773e-01
7.616731375390525249e-01
8.274051470756230708e-01
8.052649988143989468e-01
8.124326692640282399e-01
8.195981350035271840e-01
8.463113726820702398e-01
8.339723590187790858e-01
8.606940708025129227e-01
8.776574848916609550e-01
8.555745782139321243e-01
9.018533277661496816e-01
9.383727106140419272e-01
9.163097038920375859e-01
9.040242848030588529e-01
9.210364306183173033e-01
9.282861186771077522e-01
9.257833263866062090e-01
9.330180312216648231e-01
9.305302107246106180e-01
8.987898425050417917e-01
9.060869042396283435e-01
8.840913736719085980e-01
8.328032286120912175e-01
8.303524469368537275e-01
8.181420065891447102e-01
7.864128855779843885e-01
7.449140619782675943e-01
7.327325139305650437e-01
7.498482196409282929e-01
7.181411573806921744e-01
7.255113054862805111e-01
7.328786423590095689e-01
7.012031464648954548e-01
6.988247963344585978e-01
6.867235705625323039e-01
7.136194478080681858e-01
6.820024067939456369e-01
6.991424263067795852e-01
7.260994851967299546e-01
7.237635623773106541e-01
7.409646368252008619e-01
7.386426875800545799e-01
7.167976937443132357e-01
7.144896344830162782e-01
7.414884890236153048e-01
7.196542366557850956e-01
6.685468567312393695e-01
7.248563286635428815e-01
6.932826319279281613e-01
7.007857460611087719e-01
6.692256506610966271e-01
6.767423253870182842e-01
6.842557499589305703e-01
6.722559041576399164e-01
6.700227678245186391e-01
6.970863208613248263e-01
7.046365432300207843e-01
6.828934149525928143e-01
7.099869161108713911e-01
7.175470268463524093e-01
6.762937273600171384e-01
6.838669979121557718e-01
7.109868188221881713e-01
6.990531704684883607e-01
6.675860332882058712e-01
6.751853877770918055e-01
6.437412144893219779e-01
5.927334940373221173e-01
6.492122070915936627e-01
7.056773343805398113e-01
6.937788566902914900e-01
6.721267548645355472e-01
6.993110098043406886e-01
7.069646024679874241e-01
7.048615138707954308e-01
6.637017250849532868e-01
6.225512172393473653e-01
5.912069715193933872e-01
6.183889691668654764e-01
6.260771914797287341e-01
5.653916198119696146e-01
5.731322355734295160e-01
6.003690202296360079e-01
5.885619553016376848e-01
6.060510223658359674e-01
6.137762030538207458e-01
6.019874790522043995e-01
5.804348321024574986e-01
6.077082440007434139e-01
6.349976965977560672e-01
5.744031717985549346e-01
3.575746515624035338e-01
3.555821179026060763e-01
9.101955528863461264e-01
1.748214938634525373e+00
1.892240257321601948e+00
1.314471491175430717e+00
6.581916224771031665e-01
4.804516335607878497e-01
5.273005068135711015e-01
5.058552246752991977e-01
5.137157696384196948e-01
5.312821242478242834e-01
5.098542711006909256e-01
4.786321928463289632e-01
4.864158721860206702e-01
5.138052918728674978e-01
5.022004347116332257e-01
5.198012835585912317e-01
5.471978213213676279e-01
4.965200309587899374e-01
5.141378954807320767e-01
5.806113979479620157e-01
5.592105214719892414e-01
5.671152492149128532e-01
5.750155643892699286e-01
6.024614502578845565e-01
5.908528901337170014e-01
6.183028673797138497e-01
6.359923654086575562e-01
6.146333676830181281e-01
6.616338577148036526e-01
6.988728190654120986e-01
6.775272353454833141e-01
6.659570902147516902e-01
6.836823673818985814e-01
6.916430506044065618e-01
6.898491236884122246e-01
6.977905704885615235e-01
6.960073749078633520e-01
6.649695208975455740e-01
6.729669924569099404e-01
6.516697736331887869e-01
6.010778485214006706e-01
5.993212012642074038e-01
5.878028160517720924e-01
5.567636771216160074e-01
5.159527687584770650e-01
5.044570752941679448e-01
5.222565811074360020e-01
4.912312706238216586e-01
4.992811283155192958e-01
5.073261387012361068e-01
4.763262863460543395e-01
4.746215558612908447e-01
4.631919319043603100e-01
4.907573991786351453e-01
4.598079424333096354e-01
4.776135464632613736e-01
5.052341961089157341e-01
5.035598762561078745e-01
5.214205718359480324e-01
5.197562678246848700e-01
4.985669492435713113e-01
4.969126011587286507e-01
5.245632086810132488e-01
5.033787569658814132e-01
4.529192312132569453e-01
5.098746166673966407e-01
4.789448986167588185e-01
4.870900623938699270e-01
4.561700933751927645e-01
4.643249769809956184e-01
4.724746986752197397e-01
4.611092439653499131e-01
4.595085984022824199e-01
4.872027475801966045e-01
4.953816771364242255e-01
4.742653727513209128e-01
5.019838201481359174e-01
5.101670050928853728e-01
4.695349133942233188e-01
4.777275309033139350e-01
5.054648435137035767e-01
4.941468371611958399e-01
4.632934978237226997e-01
4.715048115212200908e-01
4.406707643155001186e-01
3.902713423101279444e-01
4.473565316502953193e-01
5.044263185226954826e-01
4.931306891554000926e-01
4.720796298177346584e-01
4.998631268201551014e-01
5.081141665141236663e-01
5.066067352919876310e-01
4.660408195868559478e-01
4.254824058724772096e-01
3.947284806631175536e-01
4.224990305134400659e-01
4.307740420183835406e-01
3.706735018130415393e-01
3.789973965725418337e-01
4.068157130119276488e-01
3.955884378860367590e-01
4.136555579893835821e-01
4.219570601560386214e-01
4.107429312595116677e-01
3.897631582126330207e-01
4.176077279674356713e-01
4.454666275150370724e-01
3.854398438855237141e-01
1.691773641478332979e-01
1.677491754096386289e-01
7.229252648172310725e-01
1.561505619555405788e+00
1.706090226847346125e+00
1.128879073954507817e+00
4.731551481765055023e-01
2.959694368509975249e-01
3.433709273535726081e-01
3.224766070976359811e-01
3.308864635342955163e-01
3.490004841522500456e-01
3.281186564776756853e-01
2.974409680741143536e-01
3.057674065423605647e-01
3.336979595203515281e-01
3.226326146830548192e-01
3.407713597423578933e-01
3.687041824469566853e-01
3.185610705822465860e-01
3.367120119702118886e-01
4.037169944693155266e-01
3.828460059743911681e-01
3.912790344165332224e-01
3.997060677629888925e-01
4.276770940170489532e-01
4.165921012179408800e-01
4.445640774407205176e-01
4.627740107961651472e-01
4.419338894306657495e-01
4.894517015261212745e-01
5.272064352998317993e-01
5.063750790043927141e-01
4.953176209275880759e-01
5.135540493922867711e-01
5.220243527563360741e-01
5.207385194124579675e-01
5.291865377881430632e-01
5.279083963455484252e-01
4.973740835813923455e-01
5.058735880268516727e-01
4.850768982474573110e-01
4.349840028429930450e-01
4.337248904473915423e-01
4.227025497286330813e-01
3.921579693886422247e-01
3.518401381631877101e-01
3.408360448217800931e-01
3.591256781675710719e-01
3.285890270372520128e-01
3.371260803009544782e-01
3.456568268621497686e-01
3.151412556575485802e-01
3.139193556570015753e-01
3.029711158634006973e-01
3.310165253125794127e-01
3.005455730732149444e-01
3.188282482467283963e-01
3.469245399671885832e-01
3.457244374012127253e-01
3.640579297478698240e-01
3.628650062385826436e-01
3.421456561370316285e-01
3.409598687390580363e-01
3.690776333725669378e-01
3.483589393974322324e-01
2.983637762054001663e-01
3.557821332199943565e-01
3.253139998964195145e-01
3.339193657214681865e-01
3.034582202134247231e-01
3.120705529219721663e-01
3.206763534280964723e-01
3.097656113439947179e-01
3.086183163129804230e-01
3.367644580093905327e-01
3.453940261384924604e-01
3.247270104363917387e-01
3.528934006699394055e-01
3.615231866366400149e-01
3.213363581645594658e-01
3.299729051122338719e-01
3.581528173685782912e-01
3.472760848527955968e-01
3.168626975142853075e-01
3.255126453325540292e-01
2.951159183171245814e-01
2.451525065074466325e-01
3.026723999728059833e-01
3.601755888122366023e-01
3.493120631544306964e-01
3.286918131576500590e-01
3.569048290096370479e-01
3.655841009275272446e-01
3.645036191577604723e-01
3.243633739759936851e-01
2.842293556870127968e-01
2.538985546246458891e-01
2.820909611516763116e-01
2.907865656597558579e-01
2.311053585693174095e-01
2.398473303294901826e-01
2.680824714180131130e-01
2.572707723411484793e-01
2.757522236335977484e-01
2.844668158584154338e-01
2.736645396069246061e-01
2.530953854986316420e-01
2.813493441811428797e-01
3.096164063300792524e-01
2.499965626489933923e-01
3.413980386928494593e-02
3.311612075011799439e-02
5.886955040783377058e-01
1.427677944668387156e+00
1.572663433362224694e+00
9.958519610292414503e-01
3.405265185661800476e-01
1.637380968970514328e-01
2.115356869730535827e-01
1.910362797724904915e-01
1.998398663006906439e-01
2.183464375899262788e-01
1.978559846993318827e-01
1.675684987148250149e-01
1.762839707490250485e-01
2.046023919411738556e-01
1.939237534570552313e-01
2.124480464889163533e-01
2.407652622553879407e-01
1.910053920014053996e-01
2.095384269981297454e-01
2.769243585428694532e-01
2.564331779590019456e-01
2.652448765958956289e-01
2.740494458288314505e-01
3.023968770589262056e-01
2.916871617130546435e-01
3.200332912437722777e-01
3.386162571292381518e-01
3.181480508731391876e-01
3.660366640046124886e-01
4.041610880781703052e-01
3.836983146736224759e-01
3.730083353960023662e-01
3.916111418754902873e-01
4.004467257673380298e-01
3.995250787517944380e-01
4.083361925340301957e-01
4.074200588440632931e-01
3.772466694366841677e-01
3.861060160913819539e-01
3.656680906122704022e-01
3.159328848280142932e-01
3.150303905917551939e-01
3.043635997810389959e-01
2.741735042977422876e-01
2.342090960679998335e-01
2.235573670421312775e-01
2.421983091945694444e-01
2.120119145237877867e-01
2.208981750522283904e-01
2.297770828262297726e-01
1.996086299159560151e-01
1.987328084153250907e-01
1.881296104419377113e-01
2.165190281370058256e-01
1.863910536652831351e-01
2.050156792149934459e-01
2.334528969977609780e-01
2.325926992485396749e-01
2.512650782255442250e-01
2.504100262101794927e-01
2.300275355069717753e-01
2.291775984434987479e-01
2.576302073703212181e-01
2.372453546609137875e-01
1.875830327115964313e-01
2.453332339414658336e-01
2.151959507923273951e-01
2.241311757286270911e-01
1.939989012373839750e-01
2.029391198281216557e-01
2.118718240328019697e-01
2.012870064057572239e-01
2.004646595236233286e-01
2.289347759852725095e-01
2.378873484117475234e-01
2.175423694461948443e-01
2.460298317537980006e-01
2.549797280217124262e-01
2.151120509589990182e-01
2.240667932965589304e-01
2.525639477870674776e-01
2.420035072049098734e-01
2.119054643461153187e-01
2.208698120282929778e-01
1.907865430905662241e-01
1.411356503935095597e-01
1.989671268190832398e-01
2.567809652705698720e-01
2.462271586725101047e-01
2.259156999706393165e-01
2.544365821318238519e-01
2.634227981439981603e-01
2.626483410161007392e-01
2.228132037780123365e-01
1.829833794804926750e-01
1.529558611951180036e-01
1.814506420142182608e-01
1.904477150508158134e-01
1.310670734385628311e-01
1.401087103316797644e-01
1.686426189048933766e-01
1.581287923533757911e-01
1.769072238926829577e-01
1.859179067586937406e-01
1.754108342075486604e-01
1.551359995155898730e-01
1.836833959793000570e-01
2.122430169152425550e-01
1.529148556600005149e-01
-6.265109442988220367e-02
-6.338483997796137692e-02
4.924836124120481884e-01
1.331754256156212790e+00
1.477027084690321734e+00
9.005020914698261825e-01
2.454622699697828481e-01
6.895861368479308529e-02
1.170401161289455344e-01
9.682377083575746668e-02
1.059095713581161557e-01
1.246975112682216086e-01
1.044875841575282072e-01
7.447978363668728008e-02
8.347410333548913042e-02
1.120705369028063975e-01
1.016690780065364619e-01
1.204697203335445971e-01
1.490624575896068171e-01
9.957728349935382473e-02
1.183841918062141368e-01
1.860431762723579463e-01
1.658242306786405496e-01
1.749073488245470320e-01
1.839825245281361266e-01
2.125997516259846287e-01
2.021590239731315686e-01
2.307733354430236417e-01
2.496236799274594853e-01
2.294220513365348990e-01
2.775764435985879075e-01
3.159658506601444317e-01
2.957672664858634892e-01
2.853406850584829790e-01
3.042061003787654982e-01
3.133035064654445812e-01
3.126428973551703683e-01
3.217142671024565970e-01
3.210576097796263850e-01
2.911429194767594097e-01
3.002601903016386409e-01
2.800794163796970770e-01
2.306005918539648647e-01
2.299537108850170097e-01
2.195417676509204274e-01
1.896057563471817420e-01
1.498946711866947501e-01
1.394955063996886346e-01
1.583882562336761113e-01
1.284529149534014703e-01
1.375894768407886770e-01
1.467179361948905414e-01
1.167982873318371001e-01
1.161705245847841211e-01
1.058146423038627687e-01
1.344506348561282927e-01
1.045684966255095022e-01
1.234382220127579477e-01
1.521198054353980478e-01
1.515032413276764245e-01
1.704185241405120621e-01
1.698056483414458473e-01
1.496646084145916711e-01
1.490553988605859692e-01
1.777480141965387950e-01
1.576024489559838537e-01
1.081786976888299695e-01
1.661667549613117245e-01
1.362666153559405346e-01
1.454382734714557701e-01
1.155417239227765069e-01
1.247169613409527533e-01
1.338839803731173839e-01
1.235327756824374512e-01
1.229433419480669143e-01
1.516456738650981406e-01
1.608297661445144966e-01
1.407156135131424068e-01
1.694332107136042875e-01
1.786125525042710771e-01
1.389736336592149735e-01
1.481564489681623242e-01
1.768809932364471260e-01
1.665472612849638878e-01
1.366752479501212592e-01
1.458649480837951873e-01
1.160063565532831464e-01
6.657946824125747509e-02
1.246342780457196792e-01
1.826707808799539479e-01
1.723389716724821052e-01
1.522488453670174935e-01
1.809903969224196940e-01
1.901966213126486949e-01
1.896415135267204011e-01
1.500250685686610463e-01
1.104132814574621257e-01
8.060314722703597334e-02
1.093146609261707869e-01
1.185278176184862836e-01
5.936261238238881022e-02
6.861904031102768198e-02
9.736709651225050610e-02
8.706677610855960425e-02
1.060580742370674789e-01
1.152809860494537625e-01
1.049855067119211116e-01
8.492163140515197883e-02
1.136793553242648608e-01
1.424486736787714536e-01
8.332958169253339153e-02
-1.320279253962806376e-01
-1.325538523352382536e-01
4.235217961423146660e-01
1.262999015317210816e+00
1.408477800484419618e+00
8.321581469530034969e-01
1.773230500460775405e-01
1.023505100765903508e-03
4.930850746816074770e-02
2.929505251327971238e-02
3.858313561502485500e-02
5.757275216614061997e-02
3.756389757317257772e-02
7.756567256425872525e-03
1.695075664992420905e-02
4.574646120136878491e-02
3.554367637209721043e-02
5.454239763704248067e-02
8.333262048469264327e-02
3.404434041705001190e-02
5.304755294959066780e-02
1.209022536112238505e-01
1.008784379442523166e-01
1.101561015043316938e-01
1.194252398604307847e-01
1.482358485947913307e-01
1.379879233028887264e-01
1.667944595933920637e-01
1.858364530881245757e-01
1.658258994220245530e-01
2.141707942431056721e-01
2.527501332124181821e-01
2.327409120040093427e-01
2.225031263048852237e-01
2.415567718149712051e-01
2.508418442470738419e-01
2.503683393268415491e-01
2.596262527927270525e-01
2.591555803959482707e-01
2.294263179004505382e-01
2.387284610828681042e-01
2.187320057324865230e-01
1.694369476512044559e-01
1.689732826534961485e-01
1.587440065663733579e-01
1.289901152293482234e-01
8.946060449439556528e-02
7.924247022591579537e-02
9.831570830069724654e-02
6.856031460787959109e-02
7.787628504891649928e-02
8.718361553753896376e-02
5.744230199971815665e-02
5.699234037362928273e-02
4.681372660961467813e-02
7.562645667014747386e-02
4.592052652979509986e-02
6.496593217518334407e-02
9.382266960495996844e-02
9.338073482975897677e-02
1.124701238721642488e-01
1.120308327666742626e-01
9.206285755966608919e-02
9.162619430935997622e-02
1.204908390857836326e-01
1.005167879707371120e-01
5.126403705775749164e-02
1.094225824520836804e-01
7.969242027062119205e-02
8.903354664190754608e-02
5.930595770607727246e-02
6.864964961482691863e-02
7.798461853138087541e-02
6.780086063045648315e-02
6.737837209822983287e-02
9.624714913230121571e-02
1.055971879416610776e-01
8.564848474665592848e-02
1.145310357789542516e-01
1.238748372815123844e-01
8.439988550854105043e-02
9.374617672547157221e-02
1.226337072089221103e-01
1.124624732466641269e-01
8.275247113758926742e-02
9.210369719167578462e-02
6.240614772995542459e-02
1.313981908448018376e-02
7.135470759828958787e-02
1.295508096253775165e-01
1.193781215306595200e-01
9.944663968993995573e-02
1.283463604898795740e-01
1.377102803279628696e-01
1.373123956124657485e-01
9.785270276242298559e-02
5.839719820759631252e-02
2.874287838844206966e-02
5.760973975607927566e-02
6.697777877225745413e-02
7.966991909325163435e-03
1.737737565019799313e-02
4.627892648832707123e-02
3.613164092766719959e-02
5.527551548264575398e-02
6.465054667813115163e-02
5.450673104940156888e-02
3.459406514211364747e-02
6.350254551227176025e-02
9.242216872619658796e-02
3.345293136049455607e-02
-1.817551699979732260e-01
-1.821321387521215862e-01
3.740920217053282371e-01
1.213717307991817762e+00
1.359343716734921159e+00
7.831712445723142402e-01
1.284828881517454668e-01
-4.767035586899569244e-02
7.605091778921241330e-04
-1.910752002980815878e-02
-9.674446804361816477e-03
9.459725551887565587e-03
-1.040500625351119257e-02
-4.006864550314681583e-02
-3.073119546977497174e-02
-1.792659416347874846e-03
-1.185304059604345983e-02
7.287657747705234002e-03
3.621943238118092989e-02
-1.292771991964719591e-02
6.216197630847783429e-03
7.421118182792142692e-02
5.432722947642916467e-02
6.374433739079732320e-02
7.315250239499483664e-02
1.021017213225043491e-01
9.199199101629387809e-02
1.209363083287882112e-01
1.401156701218408962e-01
1.202420732667056485e-01
1.687235146440085320e-01
2.074389911437195255e-01
1.875654996651248130e-01
1.774630371167987830e-01
1.966516004165762554e-01
2.060711864915245051e-01
2.057317922779159369e-01
2.151234147212003900e-01
2.147860507759775661e-01
1.851896974059696332e-01
1.946243515839939930e-01
1.747600102919359966e-01
1.255966705207218759e-01
1.252643292702912414e-01
1.151659835495706802e-01
8.554263037644653511e-02
4.614326677773790408e-02
3.605488978917023579e-02
5.525749645534840798e-02
2.563108382973025567e-02
3.507564897459986009e-02
4.451118896104136469e-02
1.489770086891244183e-02
1.457518178681815879e-02
4.523628812084498629e-03
3.346303905073252927e-02
3.883409617452288076e-03
2.305473763557672195e-02
5.203702023705577412e-02
5.172025456243075497e-02
7.093443776080844698e-02
7.061956698983555547e-02
5.077563941567293099e-02
5.046265221297032560e-02
7.945060256484079431e-02
5.959948766283545973e-02
1.046930470691799508e-02
6.875005090543975794e-02
3.914172347511446493e-02
4.860431964099317520e-02
1.899783663643923870e-02
2.846227170310357268e-02
3.791762209089973024e-02
2.785388505797918579e-02
2.755105787070651069e-02
5.653913780363499508e-02
6.600812213948202556e-02
4.617800816910461875e-02
7.517879319147494077e-02
8.464047451365620811e-02
4.528304945077830240e-02
5.474651532601371162e-02
8.375086947055321307e-02
7.369610922358214855e-02
4.410223193225631250e-02
5.356923495167814631e-02
2.398711564487275572e-02
-2.516412861723554828e-02
3.316549954415295987e-02
9.147599751568967485e-02
8.141736269185442798e-02
6.159959247493186629e-02
9.061268427498814226e-02
1.000896355098474105e-01
9.980444360506891821e-02
6.045710599392359330e-02
2.111362011737107081e-02
-8.429016575963566016e-03
2.054919337018759617e-02
3.002824741971217570e-02
-2.887185695590525902e-02
-1.935112227760604764e-02
9.660448941220076136e-03
-3.771458052878040590e-04
1.887609098451575873e-02
2.836015681975993796e-02
1.832504921703539957e-02
-1.479234299628123805e-03
2.753730380121592602e-02
5.656466105840850245e-02
-2.297164981836866127e-03
-2.173981767659563524e-01
-2.176683767330578612e-01
3.386622326850570186e-01
1.178393649063871340e+00
1.324125869986130688e+00
7.480588930418213822e-01
9.347571582814925839e-02
-8.257266405048237223e-02
-3.403724898249424480e-02
-5.380104134915250635e-02
-4.426404352459030467e-02
-2.502625787582894723e-02
-4.478768676279937244e-02
-7.434833253836330147e-02
-6.490819754833454525e-02
-3.586728413149989358e-02
-4.582559461964030856e-02
-2.658313133755202395e-02
2.450103396932815092e-03
-4.659589272707491403e-02
-2.735112201354202022e-02
4.074441324046611246e-02
2.096071074476510421e-02
3.047776821603075809e-02
3.998558337777867455e-02
6.903415396034351392e-02
5.902347770085887568e-02
8.806655234323670922e-02
1.073443756381471659e-01
8.756894534299812516e-02
1.361482592219153132e-01
1.749613150457219601e-01
1.551851105919188067e-01
1.451796436446641247e-01
1.644649119947537153e-01
1.739809134396010371e-01
1.737376457832175702e-01
1.832251068361926138e-01
1.829832944156740970e-01
1.534822063453485930e-01
1.630118404554218303e-01
1.432421945825991805e-01
9.417326657006615254e-02
9.393505426746903697e-02
8.393055553089553977e-02
5.440076822285536129e-02
1.509469021226117480e-02
5.099319374409258532e-03
2.439465359096053970e-02
-5.139309250078688551e-03
4.397428745624459845e-03
1.392486547871037150e-02
-1.559700114389189762e-02
-1.582817320898356750e-02
-2.578865279711475833e-02
3.241558017396672930e-03
-2.624754283355344719e-02
-6.985957411874410550e-03
2.208631222670107835e-02
2.185926403259828149e-02
4.116289596238181803e-02
4.093720597873759526e-02
2.118219205045421966e-02
2.095785215240485860e-02
5.003418426552884435e-02
3.027118637681371072e-02
-1.877114352072303816e-02
3.959719257194804776e-02
1.007619265985026935e-02
1.962585475398290896e-02
-9.893823128696618840e-03
-3.428429652907877268e-04
9.198793273020408612e-03
-7.789163790383607511e-04
-9.959738808554274847e-04
2.807761881405022864e-02
3.763185975801139338e-02
1.788674700919517385e-02
4.697227863158526251e-02
5.651845269496486024e-02
1.724526727489909123e-02
2.679272045271774427e-02
5.588081031549800570e-02
4.590953495604717383e-02
1.639889247288559698e-02
2.594888097022958473e-02
-3.550501442025941201e-03
-5.261925664832405036e-02
5.792613472537025410e-03
6.418510704738691897e-02
5.420822220866643171e-02
3.447195709441061573e-02
6.356630984823206931e-02
7.312427861930420603e-02
7.291986156234449290e-02
3.365305683759810262e-02
-5.610137389178884715e-03
-3.507272294673587087e-02
-6.014701658344251411e-03
3.543924658186217713e-03
-5.527684580950897875e-02
-4.567701486836533986e-02
-1.658658431990588100e-02
-2.654555596025694186e-02
-7.213931580164617552e-03
2.348287034989154920e-03
-7.608901894829420143e-03
-2.733550014432203912e-02
1.758490517125801955e-03
3.086306832542856649e-02
-2.792176847821467578e-02
-2.429460216473364742e-01
-2.431396929302167276e-01
3.132672159301017611e-01
1.153074703195797301e+00
1.298882767134254435e+00
7.228914060180468004e-01
6.838361812492321778e-02
-1.075895982622085828e-01
-5.897924485529741634e-02
-7.866832336116387492e-02
-6.905683548151578255e-02
-4.974478291296352550e-02
-6.943216734703522297e-02
-9.891899047019200863e-02
-8.940525396384338408e-02
-6.029095950436193924e-02
-7.017610876309882117e-02
-5.086070340639862325e-02
-2.175474509561436953e-02
-7.072823548712249553e-02
-5.141117623233776995e-02
1.675643102227190873e-02
-2.955415364829488967e-03
6.633282969739362489e-03
1.621252439426226072e-02
4.533230728191081638e-02
3.539263001072977949e-02
6.450649096362251478e-02
8.385488852833636320e-02
6.414982109744829519e-02
1.127992870683501014e-01
1.516822848432343718e-01
1.319758128290798582e-01
1.220398694376373105e-01
1.413944530854149839e-01
1.509795621936644849e-01
1.508051951883667141e-01
1.603613505002173256e-01
1.601880265646130064e-01
1.307552218216371798e-01
1.403529347160459573e-01
1.206511636972542323e-01
7.164990721932171236e-02
7.147916374093890579e-02
6.154193172541341100e-02
3.207920964065584524e-02
-7.160004040833646555e-03
-1.708871084197935430e-02
2.273087718856377226e-03
-2.719460987214052800e-02
-1.759180512424952242e-02
-7.998499542229010884e-03
-3.745469462632984581e-02
-3.762039187230897808e-02
-4.751559277144268983e-02
-1.842029881054021989e-02
-4.784451147195699361e-02
-2.851823223360810955e-02
6.185374310185010049e-04
4.557960528487128848e-04
1.982354216720905865e-02
1.966177431381339186e-02
-2.950896325001894915e-05
-1.903091155317573890e-04
2.894937240976572235e-02
9.249534169775065762e-03
-3.972982527404896741e-02
1.870129264405756553e-02
-1.075711350584511450e-02
-1.145045149413520535e-03
-3.060250370803345443e-02
-2.098949059883301049e-02
-1.138600723469525983e-02
-2.130205502427099523e-02
-2.145763537199136400e-02
7.677250321919446008e-03
1.729260066143168545e-02
-2.391585745302723942e-03
2.675468971403755641e-02
3.636142565593063203e-02
-2.851379299001075007e-03
6.756273473996828038e-03
3.590438260379825997e-02
2.599294672338442469e-02
-3.458035530168733496e-03
6.151434484297536864e-03
-2.328864458798764192e-02
-7.229827409773695313e-02
-1.382745539161696346e-02
4.462381018773964314e-02
3.470552130172209482e-02
1.502767661572945029e-02
4.418027479915846017e-02
5.379631452539181818e-02
5.364979447178606919e-02
1.444071331965973704e-02
-2.476493024571851942e-02
-5.417013753514177826e-02
-2.505490985547663418e-02
-1.543924850967489520e-02
-7.420315479678551984e-02
-6.454663001196599137e-02
-3.539967544649424980e-02
-4.530229238778016310e-02
-2.591448211937714269e-02
-1.629624592099374741e-02
-2.619758506850516921e-02
-4.586850083396462607e-02
-1.671899448561502827e-02
1.244093271209981838e-02
-4.628872050147622708e-02
-2.612579553832229950e-01
-2.613967731862554822e-01
2.950648248400652429e-01
1.134926837450120463e+00
1.280789263402023037e+00
7.048521014576047961e-01
5.039835038240810666e-02
-1.255209910543279572e-01
-7.685692407967720241e-02
-9.649244991703777308e-02
-8.682756978614311616e-02
-6.746228490307293324e-02
-8.709659648026427115e-02
-1.165305057265221683e-01
-1.069640138470307755e-01
-7.779712204336405867e-02
-8.762983151349668098e-02
-6.826214345181477738e-02
-3.910405904912669234e-02
-8.802557949267364457e-02
-6.865670596614056875e-02
-4.374396496666307921e-04
-2.009778171985580203e-02
-1.045773334978764013e-02
-8.272957090276686354e-04
2.834353003636199894e-02
1.845474272381220082e-02
4.761934119423629624e-02
6.701832429201956542e-02
4.736369086500907821e-02
9.606343976450312794e-02
1.349965698452409435e-01
1.153400799653923614e-01
1.054539689865476582e-01
1.248582357737071796e-01
1.344928791952711700e-01
1.343678981230295166e-01
1.439732914321517065e-01
1.438490580011767828e-01
1.144651967120029618e-01
1.241117064498778177e-01
1.044585861033881513e-01
5.550583456445004615e-02
5.538345072829881088e-02
4.549443349347905008e-02
1.607978176183486041e-02
-2.311150556150015634e-02
-3.299242956811275496e-02
-1.358299134631979488e-02
-4.300319198117808633e-02
-3.335303255449417054e-02
-2.371251414483396130e-02
-5.312163782753268060e-02
-5.324040467470420729e-02
-6.308881575525096541e-02
-3.394687213487351807e-02
-6.332457487608003643e-02
-4.395192503819603247e-02
-1.476892367737368122e-02
-1.488557184660160848e-02
4.528129404285902160e-03
4.412179028599340358e-03
-1.523342401721546752e-02
-1.534868077358671201e-02
1.383640772217401699e-02
-5.818159564137594109e-03
-5.475238366362785575e-02
3.723734395685497633e-03
-2.568980641113573216e-02
-1.603300710595959022e-02
-4.544586870759307479e-02
-3.578839223179137302e-02
-2.614057869126695105e-02
-3.601242909569871836e-02
-3.612394445174102464e-02
-6.945125763032904131e-03
2.714025969793143478e-03
-1.692649025089805470e-02
1.226332458024678718e-02
2.191346947156038935e-02
-1.725605656565395996e-02
-7.605254517131336545e-03
2.158587463434600076e-02
1.171732990893959575e-02
-1.769088967025376352e-02
-8.038785077211028918e-03
-3.743635728299158499e-02
-8.640360725574601497e-02
-2.789053596072479241e-02
3.060285563971300651e-02
2.072656658609110455e-02
1.090595921807234470e-03
3.028494269312475076e-02
3.994260594916385770e-02
3.983758474189316029e-02
6.698781261210845495e-04
-3.849451484051261835e-02
-6.785859509754532670e-02
-3.870236358170010826e-02
-2.904582122689399609e-02
-8.776896896424649097e-02
-7.807180772208793806e-02
-4.888433842596785067e-02
-5.874656199866324507e-02
-3.931847936018696005e-02
-2.966009142779590935e-02
-3.952139911599947264e-02
-5.915240333656748145e-02
-2.996310499853857556e-02
-7.635050082284433604e-04
-5.945360426923781277e-02
-2.743834036824607248e-01
-2.744829041460925545e-01
2.820178934443618446e-01
1.121918988196080047e+00
1.267820379218914439e+00
6.919220656253830537e-01
3.750704653066331412e-02
-1.383736789474174500e-01
-8.967111168838920454e-02
-1.092682525691472673e-01
-9.956510246396016450e-02
-8.016166224447768274e-02
-9.975793277973846185e-02
-1.291539149361779770e-01
-1.195496095776363010e-01
-9.034501756536582329e-02
-1.001401397580390928e-01
-8.073497701175647023e-02
-5.153953018005386078e-02
-1.004238001139104719e-01
-8.101778766175632418e-02
-1.276149366947998756e-02
-3.238491898043613371e-02
-2.270806443545323253e-02
-1.304093087284097924e-02
1.616648087160208608e-02
6.314169964580979011e-03
3.551513557529693832e-02
5.495037687543984778e-02
3.533189303918077978e-02
8.406768324316460372e-02
1.230367466665025222e-01
1.034160824907647269e-01
9.356568989997307573e-02
1.130055680805935880e-01
1.226757162215292851e-01
1.225861335141128355e-01
1.322268191520992731e-01
1.321377723316587427e-01
1.027889922513692406e-01
1.124704781122094627e-01
9.285222911755157404e-02
4.393424447315399245e-02
4.384652338715433473e-02
3.399206507006222872e-02
4.611868734752246762e-03
-3.454506640354321895e-02
-4.439174112724102172e-02
-2.494815621641423287e-02
-5.433431244879922961e-02
-4.465021059980271712e-02
-3.497585144250862921e-02
-6.435123574768514265e-02
-6.443636428379152792e-02
-7.425123781698521330e-02
-4.507585711112858939e-02
-7.442022292779584824e-02
-5.501433602627990582e-02
-2.579819716359925061e-02
-2.588180709450465730e-02
-6.435166571486076320e-03
-6.518276344779361242e-03
-2.613113716237303041e-02
-2.621374977001500461e-02
3.003885088780688939e-03
-1.661823332727275018e-02
-6.552010575724166730e-02
-7.011732937978465419e-03
-3.639311560412830659e-02
-2.670425448813576810e-02
-5.608515032025132574e-02
-4.639580382853802226e-02
-3.671621573887794837e-02
-4.655638677497890565e-02
-4.663631765838071458e-02
-1.742600910846187762e-02
-7.735461842445976594e-03
-2.734467657540815694e-02
1.876345979718450213e-03
1.155760511213630923e-02
-2.758089988682290231e-02
-1.789916972370474840e-02
1.132279489706174147e-02
1.484993273157618476e-03
-2.789257529563225410e-02
-1.820991150742552397e-02
-4.757701605824860708e-02
-9.651388964204299370e-02
-3.797053295067142481e-02
2.055305332607574795e-02
1.070686850047452773e-02
-8.899088113139028838e-03
2.032518280162504826e-02
3.001268056320446909e-02
2.993740449207858700e-02
-9.200646089237752429e-03
-4.833547185620025444e-02
-7.767007348224137797e-02
-4.848445163877625197e-02
-3.879860699520876199e-02
-9.749254021893763444e-02
-8.776625197536239154e-02
-5.854974292788930890e-02
-6.838301373793748139e-02
-4.892606506494463769e-02
-3.923889756637329029e-02
-4.907151189771642719e-02
-6.867390871250350637e-02
-3.945608866230632117e-02
-1.022805239674496464e-02
-6.888980056349350289e-02
-2.837913338082858616e-01
-2.838626527749218420e-01
2.726662418947274347e-01
1.112595349560713487e+00
1.258524669585004974e+00
6.826542013314813584e-01
2.826694416592809983e-02
-1.475861025439698104e-01
-9.885593942863324379e-02
-1.184255671165946461e-01
-1.086949862345036599e-01
-8.926419740713284479e-02
-1.088332012573831886e-01
-1.382019984062898277e-01
-1.285705894730275745e-01
-9.933897507491645795e-02
-1.091071558274273601e-01
-8.967513234418755808e-02
-6.045290523698614721e-02
-1.093104751157795984e-01
-8.987784258869728482e-02
-2.159500826204693164e-02
-4.119197274032002087e-02
-3.148873662619734726e-02
-2.179530052055429420e-02
7.438334977533607451e-03
-2.387830729214602404e-03
2.683920176370927640e-02
4.630043186259723276e-02
2.670785897551971461e-02
7.546948251232028781e-02
1.144643018846103616e-01
9.486931650576384267e-02
8.504452579091184572e-02
1.045099291569375477e-01
1.142055260224707769e-01
1.141413158078828927e-01
1.238072979352815295e-01
1.237434718285054247e-01
9.441983691311917060e-02
1.041263926164081033e-01
8.453313836737311182e-02
3.564007359672553832e-02
3.557719773688201165e-02
2.574751022195937572e-02
-3.607989512230427159e-03
-4.274030202818542012e-02
-5.256242788671866562e-02
-3.309436764696332967e-02
-6.245612186637766738e-02
-5.274769110075006040e-02
-4.304907590420402330e-02
-7.240027682920324725e-02
-7.246129442655641073e-02
-8.225212924542232851e-02
-5.305278183331477854e-02
-8.237325273610747456e-02
-6.294354249803894852e-02
-3.370365166171744586e-02
-3.376358076812586290e-02
-1.429333035662655460e-02
-1.435290096496621634e-02
-3.394229312928073033e-02
-3.400150738409996043e-02
-4.760544262352631173e-03
-2.435940429537103435e-02
-7.323808801289585779e-02
-1.470659594308094953e-02
