-0.06348
 0.08716
 -0.3533
  0.3046
 -0.5183
  0.4217
 -0.5682
  0.4109
 -0.4121
  0.2166
 -0.1653
-0.01465
 0.08716
 -0.3143
  0.3632
 -0.4792
  0.4412
 -0.5389
  0.3816
    -0.5
  0.2068
 -0.1457
-0.01465
  0.1067
 -0.2752
  0.3828
 -0.4499
  0.4607
 -0.5682
  0.3523
 -0.4511
  0.2068
  -0.263
 -0.1123
 0.05786
 -0.3631
  0.3046
 -0.5183
  0.4217
 -0.5877
  0.3913
 -0.4121
  0.1776
 -0.4485
 -0.3076
  0.3899
  0.8187
   1.613
  0.2044
  0.4998
 -0.6658
  0.3327
 -0.5195
  0.1385
 -0.2532
 -0.1318
-0.02023
 -0.4217
  0.2558
 -0.5866
  0.3826
 -0.5779
   0.323
 -0.4902
  0.2264
 -0.2043
-0.05371
 0.09692
  -0.285
  0.3535
 -0.4499
  0.5193
   -0.49
  0.5085
 -0.2851
  0.3436
-0.07739
 0.08301
  0.2336
 -0.1776
  0.4804
 -0.3523
  0.5682
 -0.4119
  0.5183
 -0.3632
   0.285
  -0.136
-0.02441
 0.07739
 -0.3436
  0.3242
 -0.5378
  0.4217
 -0.5584
   0.362
 -0.4706
  0.1678
 -0.2141
 -0.1025
 0.05786
  -0.324
  0.3242
  -0.489
  0.4607
 -0.5486
  0.4011
 -0.4023
  0.2264
 -0.2336
-0.03418
 0.07739
  -0.324
  0.2949
 -0.5281
  0.4314
 -0.5682
  0.3816
 -0.4218
  0.2361
 -0.1946
-0.02441
  0.1262
  -0.324
  0.3339
 -0.4695
  0.4705
 -0.5486
  0.4109
 -0.4511
  0.1482
 -0.2043
-0.00488
  0.1262
 -0.3045
   0.373
 -0.4499
  0.4998
 -0.5291
  0.3816
 -0.4804
  0.1971
 -0.2043
 -0.1221
 0.02857
 -0.3533
  0.2851
 -0.5281
  0.4314
 -0.5682
   0.362
 -0.4414
  0.2361
 -0.2336
 -0.3076
 -0.1667
-0.02132
   1.467
  0.7802
   1.154
   -0.49
  0.2839
    -0.5
  0.1287
 -0.2727
 -0.1123
 0.009066
 -0.4314
  0.2265
 -0.5769
  0.3631
 -0.6072
  0.3718
 -0.5097
   0.158
 -0.1848
-0.06348
 0.08716
 -0.3143
  0.3632
 -0.4792
  0.4998
 -0.4705
  0.4597
 -0.3242
  0.3631
-0.06763
 0.06348
  0.2239
 -0.1776
  0.4706
 -0.3523
  0.5974
 -0.4217
  0.5378
 -0.3144
   0.285
 -0.1262
 0.004883
  0.1165
 -0.3338
  0.3046
 -0.5085
  0.4119
 -0.5682
  0.3913
 -0.4706
  0.1776
 -0.2434
-0.07324
 0.03837
 -0.3533
  0.3242
 -0.5085
  0.4607
 -0.5291
  0.4011
 -0.4316
  0.2459
 -0.1848
-0.09277
  0.1067
 -0.3338
  0.3242
 -0.5378
  0.4217
 -0.5584
  0.3816
 -0.4511
  0.2264
  -0.175
-0.05371
  0.1165
  -0.285
  0.3242
 -0.4988
  0.4803
 -0.5193
  0.4011
 -0.4218
  0.1971
  -0.263
-0.06348
   0.136
  -0.285
  0.3437
 -0.4597
  0.4998
   -0.49
  0.4206
 -0.4511
  0.1678
 -0.2141
-0.06348
 0.01877
 -0.3826
  0.2949
 -0.5476
  0.4217
 -0.5584
  0.3816
 -0.4706
  0.2068
  -0.175
-0.09277
 -0.1667
 -0.5779
  0.6269
  0.6342
    1.73
  0.1643
  0.4597
 -0.5488
  0.1482
 -0.2825
 -0.1318
 0.02857
 -0.4021
  0.2168
 -0.6062
  0.3728
 -0.6267
  0.3425
 -0.4609
  0.1385
 -0.2532
-0.04395
 0.07739
  -0.324
  0.3339
 -0.4695
  0.4705
   -0.49
  0.4792
  -0.373
   0.324
 -0.0481
 0.07324
  0.2043
 -0.1873
  0.4706
  -0.362
  0.5974
 -0.3924
  0.5281
 -0.2949
  0.3338
 -0.1262
 0.01465
  0.1457
 -0.2947
  0.3144
 -0.5281
  0.4412
 -0.5779
  0.3816
 -0.4414
  0.1776
 -0.2336
 -0.1025
 0.06763
 -0.3728
  0.2949
 -0.5085
  0.4412
 -0.5291
  0.4206
 -0.4316
  0.2166
 -0.1653
-0.04395
  0.0481
 -0.3045
  0.3144
 -0.5085
  0.4119
 -0.5682
  0.3913
 -0.4511
  0.1971
 -0.1848
-0.03418
 0.08716
 -0.2947
  0.3632
 -0.5085
   0.451
 -0.5096
  0.4304
 -0.4316
  0.2264
 -0.2141
 -0.1221
 0.07739
 -0.2752
  0.3632
  -0.489
    0.49
   -0.49
  0.4597
 -0.4121
  0.1971
 -0.2434
-0.07324
 0.07739
 -0.3924
  0.2656
 -0.5378
  0.4021
 -0.5682
  0.3913
 -0.4511
  0.1776
 -0.2043
-0.03418
  0.0481
 -0.5779
 0.07027
 -0.2058
   1.584
  0.7401
   1.114
  -0.373
 0.09942
  -0.263
 -0.1416
 0.009066
 -0.3826
  0.2461
 -0.6159
  0.3435
  -0.617
   0.323
 -0.4902
  0.1873
 -0.2727
 -0.1123
 0.09692
 -0.3338
  0.3242
 -0.4988
  0.4803
 -0.5193
  0.4597
 -0.3535
  0.2752
-0.08716
 0.09277
  0.2141
 -0.2068
  0.4609
  -0.362
  0.5877
 -0.3924
  0.5573
 -0.3046
  0.3533
-0.07739
 0.01465
  0.1555
 -0.2654
  0.3535
 -0.5183
  0.4217
 -0.5486
  0.3718
 -0.4511
  0.2068
 -0.2336
-0.09277
 0.03837
 -0.3436
  0.2754
 -0.5378
  0.4412
 -0.5486
  0.4206
 -0.4121
  0.2166
 -0.1946
-0.02441
 0.09692
 -0.3631
  0.3437
 -0.5183
  0.4412
 -0.5779
  0.3816
 -0.4414
  0.1971
 -0.2141
-0.04395
  0.1067
  -0.324
  0.3535
 -0.4695
  0.4412
 -0.5389
  0.4402
 -0.4023
  0.2166
 -0.1848
-0.07324
 0.01877
 -0.3338
   0.373
 -0.4695
  0.4607
 -0.4998
  0.4597
  -0.373
  0.2361
 -0.2141
 -0.1025
 0.06763
 -0.3338
  0.2558
 -0.5671
  0.4119
 -0.5877
  0.3816
 -0.4414
  0.1971
 -0.2336
-0.06348
  0.1067
 -0.3631
 0.07027
 -0.7624
  0.7439
  0.5941
    1.69
  0.2813
  0.2752
 -0.3118
 -0.1221
-0.0007337
 -0.4021
  0.2656
 -0.5866
  0.3338
 -0.6463
  0.3327
 -0.5097
   0.158
 -0.2239
 -0.1318
 0.02857
 -0.3143
  0.3144
 -0.5085
   0.451
 -0.5096
  0.4304
  -0.373
  0.2947
  -0.136
 0.05371
  0.2336
 -0.1971
  0.4414
 -0.3718
  0.5877
 -0.4021
  0.5573
 -0.2754
  0.3436
-0.05786
 0.06348
  0.1555
 -0.2557
  0.3828
 -0.4792
  0.4314
 -0.5682
  0.4011
 -0.4609
  0.1971
 -0.2043
-0.09277
  0.0481
 -0.3728
  0.3046
 -0.5573
  0.4119
 -0.5486
  0.4011
 -0.4121
  0.2361
 -0.1946
-0.05371
  0.1165
 -0.3143
  0.2851
  -0.489
  0.4314
 -0.5486
  0.3718
 -0.4511
  0.2068
 -0.2141
-0.07324
 0.09692
 -0.3045
  0.3242
 -0.4792
  0.4803
 -0.5486
  0.4109
 -0.3925
  0.2459
 -0.1946
-0.04395
 0.06763
 -0.3924
  0.3144
 -0.4597
  0.4803
 -0.5291
  0.4499
  -0.373
  0.2752
  -0.175
-0.07324
 0.03837
 -0.3436
  0.3144
 -0.5769
  0.3826
 -0.5779
   0.362
 -0.4511
  0.2068
 -0.2141
-0.09277
 0.07739
 -0.3045
  0.2851
 -0.7624
  0.1873
 -0.2459
   1.544
  0.8571
  0.9295
  -0.136
 -0.1709
 0.01877
 -0.4119
  0.2461
 -0.5671
  0.3631
  -0.656
  0.3034
    -0.5
  0.1385
 -0.2532
-0.08301
 0.009066
 -0.3826
  0.3339
 -0.5183
  0.4412
 -0.5389
  0.4402
 -0.4023
  0.2752
 -0.1165
 0.004883
  0.1946
 -0.1776
  0.4511
 -0.3913
  0.5779
 -0.4021
  0.5476
 -0.2754
  0.3728
-0.06763
 0.08301
  0.2043
 -0.2557
  0.3925
 -0.4499
  0.4705
 -0.5584
  0.3816
 -0.4316
  0.1873
 -0.2141
-0.06348
  0.0481
 -0.3631
  0.2754
 -0.5281
  0.3924
 -0.5779
  0.4011
 -0.4316
  0.2361
  -0.175
-0.05371
 0.08716
 -0.2947
  0.3339
 -0.5476
  0.4607
 -0.5584
  0.4011
 -0.4609
  0.1971
 -0.2043
-0.07324
 0.06763
 -0.3143
  0.3437
 -0.5085
  0.4705
 -0.5096
  0.4011
 -0.4218
  0.2557
 -0.1653
-0.05371
 0.09692
 -0.3436
  0.2558
 -0.5183
    0.49
 -0.5096
  0.4206
 -0.3828
  0.2752
  -0.136
-0.03418
 0.06763
 -0.3728
  0.3046
 -0.5183
  0.3728
 -0.6072
  0.3718
 -0.4706
  0.1971
 -0.2043
-0.07324
  0.0481
 -0.3338
  0.3437
 -0.5476
  0.1873
 -0.8025
  0.7038
  0.7111
   1.505
  0.5183
 0.004883
-0.03003
 -0.3924
  0.2363
 -0.5866
  0.3826
 -0.6267
  0.2937
 -0.5293
  0.1482
 -0.2727
 -0.1123
 0.05786
 -0.4021
  0.2656
 -0.4988
  0.4314
 -0.5486
  0.4109
 -0.3925
  0.2459
  -0.136
 0.02441
  0.1457
 -0.2166
  0.4706
 -0.3816
  0.5584
 -0.4119
  0.5476
 -0.2851
  0.3728
-0.03837
 0.07324
  0.2239
 -0.2068
  0.3925
 -0.4402
  0.4998
 -0.5193
  0.3913
 -0.4511
  0.2166
 -0.2239
-0.07324
 0.07739
 -0.3631
  0.2851
 -0.5573
  0.4217
 -0.5974
  0.3718
 -0.4316
  0.2166
  -0.175
-0.03418
 0.08716
  -0.324
  0.3535
 -0.4988
  0.4021
 -0.5291
  0.3913
 -0.4316
  0.1873
 -0.2141
-0.06348
 0.06763
 -0.3436
  0.3339
  -0.489
  0.4412
 -0.5193
  0.4402
 -0.4316
  0.2264
 -0.1555
-0.02441
 0.08716
 -0.3143
  0.3046
 -0.5769
  0.4314
 -0.4998
  0.4402
 -0.4121
  0.2654
  -0.136
 0.004883
  0.1067
 -0.3436
  0.2754
 -0.5281
  0.4314
  -0.617
  0.3425
 -0.4609
  0.1776
 -0.2141
-0.06348
 0.06763
 -0.3631
  0.3144
  -0.489
  0.4021
 -0.8025
  0.1472
 -0.1289
   1.359
   1.094
  0.6592
  0.1457
 -0.4412
  0.2558
 -0.5964
  0.3631
 -0.6072
   0.323
  -0.539
  0.1189
  -0.263
 -0.1318
 0.02857
 -0.3533
  0.2461
 -0.5671
   0.451
 -0.5584
  0.4011
 -0.4218
  0.2557
 -0.1653
 0.004883
  0.1653
 -0.2654
  0.4316
  -0.362
  0.5682
 -0.4314
  0.5378
 -0.2851
  0.3631
-0.03837
  0.1025
  0.2141
 -0.1873
  0.4414
 -0.4402
  0.5096
   -0.49
  0.4304
 -0.4414
  0.1971
 -0.1946
-0.08301
 0.06763
 -0.3338
  0.2851
 -0.5476
  0.3924
 -0.5682
  0.3523
 -0.4609
  0.2166
 -0.1946
-0.03418
  0.1067
  -0.324
  0.3242
 -0.4792
   0.451
 -0.5877
  0.4206
 -0.4414
  0.2166
 -0.2239
-0.07324
 0.07739
 -0.3436
  0.3046
 -0.4988
  0.4607
 -0.5486
  0.4304
 -0.3925
  0.2166
 -0.1848
-0.01465
  0.1165
  -0.324
  0.3339
 -0.5281
  0.3728
 -0.5584
  0.4499
 -0.3925
  0.2361
 -0.1457
 0.004883
  0.1457
 -0.3045
  0.3046
 -0.5573
  0.4217
 -0.5584
  0.3327
 -0.4902
  0.1873
 -0.2336
-0.07324
 0.07739
 -0.3436
  0.2851
 -0.5183
  0.4607
 -0.5877
  0.1472
 -0.6855
  0.5193
  0.9481
   1.235
  0.8001
 -0.2654
   0.207
 -0.5769
  0.3533
 -0.6267
  0.3425
 -0.5097
  0.1092
 -0.2923
 -0.1221
 0.009066
 -0.3826
  0.2949
 -0.5866
  0.3826
 -0.5389
  0.3913
 -0.4316
  0.2264
 -0.1555
-0.02441
  0.1457
 -0.2459
  0.3828
 -0.4011
  0.5877
 -0.4217
  0.5183
 -0.2949
  0.3631
 -0.0481
  0.1025
  0.2434
 -0.1971
  0.4609
 -0.3913
  0.5096
 -0.4803
  0.4597
 -0.4023
  0.2068
 -0.2141
-0.05371
 0.05786
 -0.3436
  0.3144
 -0.5476
  0.4021
 -0.5974
  0.3816
 -0.4804
  0.1873
 -0.1946
-0.05371
  0.1067
 -0.3045
  0.3242
 -0.5085
  0.4705
 -0.5389
   0.362
 -0.4121
  0.2068
 -0.1946
-0.08301
 0.06763
 -0.3338
  0.3046
 -0.5281
   0.451
 -0.5291
  0.4011
 -0.4023
  0.2557
 -0.1946
-0.04395
  0.1262
 -0.2947
  0.3242
 -0.4988
  0.4217
  -0.617
  0.3913
 -0.3828
  0.2557
  -0.175
-0.00488
