-0.03418
-0.03418
-0.04395
-0.04395
-0.05371
-0.05371
-0.05371
-0.07324
 -0.1318
 -0.2002
 -0.2588
 -0.2588
 -0.1514
 0.06348
 -0.1025
-0.08301
-0.02441
 0.02441
 0.03418
 0.02441
 0.02441
 0.004883
 0.004883
-0.004883
-0.01465
-0.03418
-0.04395
-0.04395
-0.05371
-0.04395
-0.05371
-0.05371
-0.04395
-0.06348
-0.05371
-0.05371
-0.06348
-0.05371
-0.05371
-0.05371
-0.04395
-0.05371
-0.05371
-0.05371
-0.05371
-0.05371
-0.04395
-0.04395
-0.04395
-0.04395
-0.05371
-0.05371
-0.05371
-0.05371
-0.04395
-0.04395
-0.05371
-0.04395
-0.04395
-0.05371
-0.05371
-0.05371
-0.05371
-0.04395
-0.04395
-0.04395
-0.04395
-0.05371
-0.05371
-0.06348
-0.06348
-0.05371
 -0.1123
 -0.1221
 -0.1318
 -0.1416
 -0.1416
 -0.1416
 -0.1611
 -0.1611
 -0.1709
 -0.1807
 -0.1904
 -0.2002
 -0.2002
 -0.1904
 -0.1904
 -0.1807
 -0.1709
 -0.1709
 -0.1514
 -0.1318
 -0.1221
 -0.1025
-0.09277
-0.08301
-0.07324
-0.06348
-0.05371
-0.05371
-0.03418
-0.02441
-0.02441
-0.03418
-0.03418
-0.02441
-0.004883
-0.004883
-0.02441
-0.02441
-0.004883
-0.02441
-0.04395
-0.05371
-0.08301
-0.08301
-0.08301
-0.09277
 -0.1025
 -0.1025
-0.09277
-0.09277
-0.09277
-0.09277
-0.09277
-0.09277
-0.09277
-0.08301
-0.08301
-0.08301
-0.05371
-0.06348
-0.05371
-0.05371
-0.05371
-0.05371
-0.05371
-0.05371
-0.06348
-0.06348
-0.06348
-0.05371
-0.05371
-0.05371
-0.05371
-0.06348
-0.06348
-0.06348
-0.07324
-0.06348
-0.06348
-0.05371
-0.05371
-0.05371
-0.05371
-0.06348
-0.06348
-0.06348
-0.05371
-0.05371
-0.05371
-0.06348
-0.07324
-0.07324
-0.07324
-0.08301
-0.07324
-0.07324
-0.07324
-0.07324
-0.08301
-0.07324
-0.08301
-0.08301
-0.08301
-0.07324
-0.07324
-0.06348
-0.06348
-0.07324
-0.07324
-0.07324
-0.07324
-0.06348
-0.07324
-0.07324
-0.07324
-0.08301
 -0.1416
 -0.1416
 -0.1416
 -0.1318
 -0.1416
 -0.1416
 -0.1416
 -0.1416
 -0.1416
 -0.1416
 -0.1318
 -0.1416
 -0.1416
 -0.1416
 -0.1416
 -0.1318
 -0.1318
 -0.1221
 -0.1318
 -0.1221
 -0.1123
 -0.1221
 -0.1221
 -0.1123
 -0.1123
 -0.1221
 -0.1025
 -0.1025
-0.09277
-0.09277
 -0.1025
 -0.1025
-0.09277
 -0.1025
-0.09277
-0.09277
-0.09277
-0.09277
-0.09277
-0.09277
-0.09277
-0.09277
 -0.1025
-0.08301
-0.09277
-0.08301
-0.08301
-0.09277
-0.09277
-0.09277
-0.09277
-0.08301
-0.09277
-0.09277
-0.09277
 -0.1025
-0.09277
 -0.1025
-0.09277
 -0.1025
-0.09277
 -0.1025
 -0.1025
 -0.1123
 -0.1123
 -0.1025
-0.09277
-0.08301
-0.07324
-0.07324
-0.06348
-0.05371
-0.06348
-0.05371
-0.02441
-0.02441
-0.03418
-0.02441
-0.03418
-0.04395
-0.06348
-0.06348
-0.08301
-0.09277
-0.09277
-0.09277
 -0.1025
 -0.1025
 -0.1025
-0.09277
-0.08301
-0.07324
-0.07324
-0.07324
-0.07324
-0.07324
-0.07324
-0.07324
-0.06348
-0.06348
-0.06348
-0.05371
-0.05371
-0.05371
-0.05371
-0.05371
-0.04395
-0.03418
-0.04395
-0.04395
-0.03418
-0.04395
-0.04395
-0.04395
-0.04395
-0.04395
-0.03418
-0.03418
-0.04395
-0.04395
-0.05371
-0.05371
 -0.1025
 -0.1807
 -0.2393
 -0.2686
   -0.21
-0.03418
  0.2002
   0.415
  0.6104
  0.8154
  0.9521
    1.04
    1.04
  0.9424
  0.8545
  0.7568
  0.4541
 0.01465
 -0.1416
 -0.1025
-0.04395
-0.01465
-0.004883
-0.01465
-0.004883
-0.02441
-0.03418
-0.04395
-0.05371
-0.06348
-0.07324
-0.08301
-0.08301
-0.08301
-0.08301
-0.08301
-0.08301
-0.09277
-0.08301
-0.09277
-0.09277
-0.09277
-0.09277
-0.09277
-0.09277
 -0.1025
-0.09277
 -0.1025
 -0.1025
 -0.1025
 -0.1025
-0.09277
 -0.1025
 -0.1025
 -0.1025
 -0.1025
 -0.1123
 -0.1025
-0.09277
 -0.1025
 -0.1025
 -0.1025
 -0.1123
 -0.1025
 -0.1123
 -0.1123
 -0.1123
 -0.1025
 -0.1123
 -0.1025
 -0.1123
 -0.1123
 -0.1123
 -0.1221
 -0.1123
 -0.1611
 -0.1611
 -0.1807
 -0.1807
 -0.2002
 -0.2002
 -0.2002
 -0.2197
 -0.2197
 -0.2393
 -0.2393
 -0.2393
  -0.249
  -0.249
  -0.249
 -0.2295
 -0.2197
   -0.21
   -0.21
 -0.1904
 -0.1709
 -0.1416
 -0.1221
 -0.1123
 -0.1025
-0.09277
-0.09277
 -0.1025
-0.09277
-0.09277
-0.07324
-0.07324
-0.08301
-0.09277
-0.08301
-0.09277
 -0.1123
 -0.1318
 -0.1611
 -0.1611
 -0.1611
 -0.1611
 -0.1709
 -0.1709
 -0.1709
 -0.1709
 -0.1709
 -0.1611
 -0.1514
 -0.1611
 -0.1514
 -0.1514
 -0.1611
 -0.1514
 -0.1514
 -0.1611
 -0.1514
 -0.1514
 -0.1514
 -0.1416
 -0.1514
 -0.1416
 -0.1416
 -0.1514
 -0.1416
 -0.1318
 -0.1416
 -0.1318
 -0.1318
 -0.1318
 -0.1318
 -0.1416
 -0.1318
 -0.1318
 -0.1221
 -0.1221
 -0.1221
 -0.1318
 -0.1318
 -0.1318
 -0.1318
 -0.1318
 -0.1318
 -0.1416
 -0.1416
 -0.1514
 -0.1514
 -0.1416
 -0.1807
 -0.2295
 -0.2979
 -0.3467
 -0.3174
 -0.1709
 0.03418
  0.2783
  0.4834
  0.6787
   0.835
  0.9521
   1.021
  0.9521
  0.8447
  0.7666
  0.5811
  0.1514
 -0.1416
 -0.1904
 -0.1221
-0.07324
-0.06348
-0.04395
-0.06348
-0.07324
-0.08301
-0.09277
 -0.1123
 -0.1221
 -0.1221
 -0.1416
 -0.1221
 -0.1416
 -0.1416
 -0.1416
 -0.1514
 -0.1416
 -0.1514
 -0.1611
 -0.1611
 -0.1611
 -0.1514
 -0.1514
 -0.1514
 -0.1611
 -0.1611
 -0.1611
 -0.1514
 -0.1514
 -0.1514
 -0.1416
 -0.1416
 -0.1611
 -0.1514
 -0.1416
 -0.1514
 -0.1416
 -0.1416
 -0.1318
 -0.1318
 -0.1318
 -0.1318
 -0.1318
 -0.1318
 -0.1318
 -0.1221
 -0.1123
 -0.1123
 -0.1123
 -0.1123
 -0.1221
 -0.1123
 -0.1123
 -0.1416
 -0.1611
 -0.1709
 -0.1709
 -0.1807
 -0.1807
 -0.1904
 -0.1709
 -0.1709
 -0.1611
 -0.1514
 -0.1514
 -0.1318
 -0.1221
 -0.1123
 -0.1123
 -0.1221
 -0.1221
 -0.1416
 -0.1514
 -0.1611
 -0.1611
 -0.1611
 -0.1709
 -0.1611
 -0.1611
 -0.1709
 -0.1709
 -0.1709
 -0.1514
 -0.1416
 -0.1514
 -0.1514
 -0.1416
 -0.1416
 -0.1611
 -0.1807
 -0.1904
   -0.21
   -0.21
   -0.21
   -0.21
   -0.21
   -0.21
   -0.21
   -0.21
   -0.21
   -0.21
 -0.2002
 -0.1904
 -0.1904
 -0.1904
 -0.1904
 -0.1904
 -0.1904
 -0.2002
 -0.1807
 -0.1807
 -0.1611
 -0.1514
 -0.1709
 -0.1611
 -0.1514
 -0.1514
 -0.1514
 -0.1514
 -0.1514
 -0.1514
 -0.1611
 -0.1514
 -0.1514
 -0.1416
 -0.1514
 -0.1416
 -0.1514
 -0.1514
 -0.1416
 -0.1416
 -0.1611
 -0.2197
 -0.2881
 -0.3271
 -0.2979
 -0.1709
 0.04395
  0.2686
  0.4639
  0.6885
  0.8447
  0.9717
   1.021
  0.9424
  0.8447
  0.7666
   0.542
  0.1221
 -0.1416
 -0.1514
-0.08301
-0.05371
-0.03418
-0.03418
-0.06348
-0.06348
-0.07324
-0.09277
-0.09277
 -0.1025
 -0.1123
 -0.1221
 -0.1221
 -0.1318
 -0.1221
 -0.1318
 -0.1318
 -0.1318
 -0.1416
 -0.1416
 -0.1416
 -0.1416
 -0.1416
 -0.1416
 -0.1416
 -0.1318
 -0.1416
 -0.1416
 -0.1416
 -0.1416
 -0.1416
 -0.1318
 -0.1318
 -0.1318
 -0.1221
 -0.1318
 -0.1318
 -0.1318
 -0.1318
 -0.1221
 -0.1221
 -0.1221
 -0.1318
 -0.1318
 -0.1318
 -0.1318
 -0.1318
 -0.1318
 -0.1416
 -0.1514
 -0.1514
 -0.1611
 -0.1709
 -0.1709
 -0.1807
 -0.1904
 -0.2002
   -0.21
 -0.2197
 -0.2197
 -0.2295
 -0.2295
 -0.2197
   -0.21
 -0.2002
 -0.1807
 -0.1807
 -0.1611
 -0.1416
 -0.1416
 -0.1221
 -0.1123
 -0.1221
 -0.1221
 -0.1318
 -0.1318
 -0.1416
 -0.1514
 -0.1514
 -0.1611
 -0.1611
 -0.1611
 -0.1611
 -0.1709
 -0.1709
 -0.1807
 -0.1807
 -0.1709
 -0.1709
 -0.1709
 -0.1709
 -0.1709
 -0.1611
 -0.1416
 -0.1318
 -0.1221
 -0.1123
 -0.1221
 -0.1123
 -0.1221
 -0.1025
-0.09277
-0.09277
-0.09277
-0.09277
-0.08301
-0.09277
 -0.1123
 -0.1416
 -0.1416
 -0.1416
 -0.1416
 -0.1416
 -0.1514
 -0.1611
 -0.1514
 -0.1514
 -0.1514
 -0.1514
 -0.1514
 -0.1416
 -0.1416
 -0.1318
 -0.1318
 -0.1221
 -0.1318
 -0.1123
 -0.1123
 -0.1123
 -0.1025
 -0.1123
 -0.1123
 -0.1123
 -0.1123
 -0.1025
-0.09277
 -0.1025
 -0.1025
-0.09277
 -0.1025
 -0.1025
 -0.1025
 -0.1025
 -0.1025
 -0.1025
-0.09277
-0.09277
 -0.1025
 -0.1025
 -0.1025
 -0.1025
-0.09277
-0.09277
 -0.1025
-0.09277
 -0.1123
 -0.1514
 -0.2295
 -0.2979
 -0.2979
   -0.21
-0.004883
  0.2686
  0.4834
  0.6885
  0.8545
  0.9814
    1.06
   1.021
  0.9326
   0.835
  0.7568
   0.376
-0.01465
 -0.1318
-0.08301
-0.02441
 0.004883
 0.004883
-0.01465
-0.02441
-0.03418
-0.05371
-0.07324
-0.08301
-0.08301
-0.09277
-0.09277
-0.08301
 -0.1025
 -0.1025
 -0.1025
 -0.1123
 -0.1025
 -0.1025
 -0.1025
 -0.1025
 -0.1025
 -0.1025
 -0.1025
 -0.1025
 -0.1025
 -0.1025
-0.09277
-0.09277
-0.09277
-0.09277
-0.09277
-0.09277
-0.09277
-0.08301
-0.09277
-0.09277
-0.09277
-0.09277
-0.09277
-0.09277
-0.09277
-0.09277
-0.09277
 -0.1025
 -0.1025
 -0.1025
 -0.1025
 -0.1025
 -0.1123
 -0.1123
 -0.1123
 -0.1318
 -0.1318
 -0.1318
 -0.1514
 -0.1514
 -0.1611
 -0.1709
 -0.1709
 -0.1807
 -0.1807
 -0.1904
 -0.1904
 -0.1807
 -0.1709
 -0.1514
 -0.1416
 -0.1221
 -0.1123
 -0.1025
-0.08301
-0.08301
-0.06348
-0.07324
-0.08301
-0.08301
-0.09277
-0.09277
-0.08301
-0.08301
-0.08301
-0.07324
-0.05371
-0.06348
-0.06348
-0.07324
-0.06348
-0.04395
-0.04395
-0.05371
-0.05371
-0.04395
-0.04395
-0.07324
-0.09277
 -0.1025
 -0.1123
 -0.1025
 -0.1025
 -0.1123
 -0.1123
 -0.1123
 -0.1221
 -0.1123
 -0.1221
 -0.1221
 -0.1123
 -0.1025
-0.09277
-0.09277
-0.09277
-0.08301
-0.08301
-0.08301
-0.07324
-0.07324
-0.07324
-0.08301
-0.08301
-0.07324
-0.07324
-0.07324
-0.06348
-0.06348
-0.07324
-0.07324
-0.06348
-0.06348
-0.05371
-0.05371
-0.05371
-0.05371
-0.05371
-0.06348
-0.05371
-0.06348
-0.06348
-0.05371
-0.05371
-0.05371
-0.05371
-0.06348
-0.08301
-0.08301
-0.08301
-0.08301
 -0.1025
-0.09277
-0.09277
 -0.1025
-0.09277
-0.09277
 -0.1025
 -0.1025
 -0.1025
 -0.1123
 -0.1123
 -0.1123
 -0.1123
 -0.1025
 -0.1025
 -0.1025
 -0.1025
 -0.1123
 -0.1123
 -0.1025
 -0.1123
 -0.1025
 -0.1025
 -0.1123
 -0.1025
 -0.1025
 -0.1123
 -0.1221
 -0.1123
 -0.1221
 -0.1123
 -0.1123
 -0.1123
 -0.1123
 -0.1221
 -0.1221
 -0.1221
 -0.1318
 -0.1221
 -0.1221
 -0.1221
 -0.1123
 -0.1221
 -0.1123
 -0.1221
 -0.1123
 -0.1123
 -0.1123
 -0.1025
 -0.1123
 -0.1025
 -0.1123
 -0.1025
 -0.1123
 -0.1123
 -0.1123
 -0.1221
 -0.1221
 -0.1221
 -0.1318
 -0.1318
 -0.1221
 -0.1221
 -0.1221
 -0.1221
 -0.1221
 -0.1318
 -0.1318
 -0.1318
 -0.1221
 -0.1221
 -0.1221
 -0.1221
 -0.1318
 -0.1318
 -0.1318
 -0.1318
 -0.1318
 -0.1318
 -0.1318
 -0.1318
 -0.1416
 -0.1416
 -0.1416
 -0.1514
 -0.1416
 -0.1221
 -0.1123
 -0.1123
-0.09277
-0.09277
-0.09277
-0.09277
-0.09277
-0.05371
-0.05371
-0.05371
-0.05371
-0.05371
-0.05371
-0.07324
-0.09277
 -0.1025
 -0.1123
 -0.1123
 -0.1123
 -0.1123
 -0.1221
 -0.1221
 -0.1123
 -0.1221
 -0.1025
-0.07324
-0.07324
-0.07324
-0.07324
-0.07324
-0.06348
-0.06348
-0.06348
-0.05371
-0.06348
-0.06348
-0.06348
-0.06348
-0.05371
-0.05371
-0.05371
-0.05371
-0.06348
-0.06348
-0.06348
-0.06348
-0.06348
-0.06348
-0.06348
-0.06348
-0.07324
-0.07324
-0.07324
-0.08301
-0.08301
-0.07324
-0.08301
-0.07324
-0.07324
-0.08301
-0.08301
-0.07324
-0.08301
-0.06348
-0.06348
-0.06348
-0.05371
-0.05371
-0.05371
-0.05371
-0.06348
-0.06348
-0.05371
-0.06348
-0.06348
-0.06348
-0.08301
-0.08301
-0.09277
-0.09277
-0.09277
-0.09277
 -0.1025
 -0.1123
 -0.1221
 -0.1221
 -0.1123
 -0.1123
 -0.1123
 -0.1123
 -0.1221
 -0.1221
 -0.1221
 -0.1221
 -0.1123
 -0.1123
 -0.1123
 -0.1025
 -0.1221
 -0.1123
 -0.1123
 -0.1221
 -0.1221
 -0.1221
 -0.1221
 -0.1221
 -0.1318
 -0.1318
 -0.1318
 -0.1318
 -0.1318
 -0.1221
 -0.1221
 -0.1221
 -0.1123
 -0.1221
 -0.1221
 -0.1221
 -0.1221
 -0.1123
 -0.1221
 -0.1221
 -0.1123
 -0.1221
 -0.1221
 -0.1221
 -0.1318
 -0.1318
 -0.1221
 -0.1318
 -0.1221
 -0.1221
 -0.1416
 -0.1318
 -0.1318
 -0.1416
 -0.1318
 -0.1416
 -0.1416
 -0.1416
 -0.1416
 -0.1416
 -0.1318
 -0.1221
 -0.1221
 -0.1318
 -0.1416
 -0.1416
 -0.1416
 -0.1318
 -0.1123
 -0.1123
 -0.1025
-0.09277
-0.09277
-0.09277
-0.09277
-0.08301
-0.06348
-0.07324
-0.07324
-0.06348
-0.06348
-0.07324
 -0.1025
 -0.1123
 -0.1123
 -0.1025
 -0.1123
 -0.1123
 -0.1123
 -0.1318
 -0.1221
 -0.1123
 -0.1221
 -0.1123
 -0.1123
 -0.1025
 -0.1025
 -0.1025
 -0.1025
 -0.1025
 -0.1025
 -0.1025
-0.09277
-0.08301
-0.08301
-0.08301
-0.08301
-0.08301
-0.07324
-0.08301
-0.07324
-0.06348
-0.06348
-0.06348
-0.06348
-0.07324
-0.07324
-0.06348
-0.07324
 -0.1318
   -0.21
 -0.2783
 -0.2881
 -0.2393
-0.05371
  0.2002
   0.415
  0.6299
   0.835
  0.9521
    1.05
    1.03
  0.9521
   0.874
  0.7666
  0.4346
 0.01465
 -0.1416
-0.08301
-0.01465
 0.01465
 0.02441
 0.01465
 0.01465
-0.004883
-0.02441
-0.03418
-0.04395
-0.06348
-0.06348
-0.06348
-0.07324
-0.07324
-0.08301
-0.08301
-0.08301
-0.08301
-0.07324
-0.08301
-0.07324
-0.07324
-0.07324
-0.08301
-0.09277
-0.08301
-0.09277
-0.07324
-0.08301
-0.08301
-0.07324
-0.08301
-0.08301
-0.08301
-0.08301
-0.08301
-0.07324
-0.07324
-0.07324
-0.07324
-0.08301
-0.08301
-0.08301
-0.08301
-0.07324
-0.07324
-0.07324
-0.07324
-0.08301
-0.07324
-0.08301
-0.08301
-0.08301
-0.08301
-0.08301
-0.08301
-0.09277
-0.09277
 -0.1025
 -0.1025
 -0.1123
 -0.1123
 -0.1123
 -0.1221
 -0.1318
 -0.1416
 -0.1416
 -0.1514
 -0.1611
 -0.1611
 -0.1611
 -0.1709
 -0.1709
 -0.1904
 -0.1904
 -0.2002
   -0.21
   -0.21
 -0.2197
 -0.2197
 -0.2197
 -0.2197
-0.09277
-0.08301
-0.08301
-0.08301
-0.08301
-0.09277
-0.08301
-0.08301
-0.08301
-0.07324
-0.06348
-0.06348
-0.06348
-0.07324
-0.07324
-0.05371
-0.05371
-0.06348
-0.05371
-0.05371
-0.05371
-0.07324
 -0.1025
 -0.1123
 -0.1123
 -0.1221
 -0.1123
 -0.1221
 -0.1318
 -0.1221
 -0.1221
 -0.1221
 -0.1221
 -0.1123
 -0.1123
 -0.1025
 -0.1123
 -0.1025
 -0.1025
 -0.1025
 -0.1025
 -0.1025
 -0.1025
-0.09277
-0.08301
-0.08301
-0.08301
-0.08301
-0.07324
-0.08301
-0.08301
-0.08301
-0.07324
-0.07324
-0.06348
-0.06348
-0.07324
-0.06348
-0.04395
-0.04395
-0.04395
-0.05371
-0.04395
-0.04395
-0.05371
-0.05371
-0.05371
-0.05371
-0.06348
-0.06348
-0.06348
-0.07324
-0.07324
-0.08301
-0.07324
-0.08301
-0.07324
-0.08301
-0.09277
-0.09277
-0.09277
 -0.1025
 -0.1025
 -0.1025
 -0.1025
 -0.1025
 -0.1025
 -0.1025
 -0.1123
 -0.1123
 -0.1123
 -0.1025
 -0.1025
 -0.1025
 -0.1025
 -0.1025
 -0.1025
 -0.1123
 -0.1123
 -0.1025
 -0.1025
 -0.1025
 -0.1025
 -0.1025
 -0.1025
 -0.1123
 -0.1123
 -0.1025
 -0.1025
 -0.1025
 -0.1025
 -0.1025
 -0.1123
 -0.1025
 -0.1025
 -0.1123
-0.09277
 -0.1025
 -0.1025
 -0.1025
 -0.1123
 -0.1025
 -0.1025
 -0.1025
 -0.1025
 -0.1025
 -0.1025
 -0.1123
 -0.1123
 -0.1221
 -0.1025
 -0.1123
 -0.1025
 -0.1025
 -0.1123
 -0.1123
 -0.1123
 -0.1123
 -0.1025
 -0.1025
 -0.1025
 -0.1025
 -0.1025
 -0.1123
 -0.1123
 -0.1123
 -0.1123
 -0.1123
 -0.1123
 -0.1123
 -0.1025
 -0.1221
 -0.1221
 -0.1123
 -0.1221
 -0.1123
 -0.1221
 -0.1221
 -0.1123
 -0.1221
 -0.1221
 -0.1318
 -0.1318
 -0.1318
 -0.1221
 -0.1221
 -0.1221
 -0.1221
 -0.1318
 -0.1416
 -0.1318
 -0.1416
 -0.1221
 -0.1123
-0.07324
-0.09277
 -0.1123
 -0.1025
 -0.1025
 -0.1025
 -0.1025
 -0.1221
 -0.1123
 -0.1123
 -0.1123
 -0.1025
-0.09277
-0.09277
-0.09277
-0.08301
-0.09277
-0.08301
-0.08301
-0.08301
-0.07324
-0.07324
-0.06348
-0.06348
-0.06348
-0.05371
-0.06348
-0.05371
-0.05371
-0.04395
-0.04395
-0.03418
-0.03418
-0.04395
-0.04395
-0.04395
-0.04395
-0.03418
-0.03418
-0.03418
-0.02441
-0.03418
-0.04395
-0.03418
-0.04395
-0.03418
-0.03418
-0.03418
-0.03418
-0.03418
-0.03418
-0.03418
-0.03418
-0.08301
 -0.1318
   -0.21
 -0.2295
   -0.21
  0.4736
 0.04395
-0.08301
-0.02441
 0.04395
 0.06348
 0.06348
 0.05371
 0.04395
 0.02441
 0.02441
 0.004883
-0.004883
-0.004883
-0.02441
-0.03418
-0.03418
-0.04395
-0.03418
-0.04395
-0.04395
-0.04395
-0.04395
-0.04395
-0.05371
-0.05371
-0.05371
-0.05371
-0.04395
-0.04395
-0.04395
-0.05371
-0.04395
-0.05371
-0.05371
-0.04395
-0.04395
-0.04395
-0.04395
-0.05371
-0.04395
-0.05371
-0.05371
-0.04395
-0.04395
-0.03418
-0.03418
-0.03418
-0.04395
-0.04395
-0.04395
-0.04395
-0.03418
-0.04395
-0.04395
-0.03418
-0.05371
-0.05371
-0.05371
-0.06348
-0.06348
-0.06348
-0.06348
-0.06348
-0.07324
-0.07324
-0.08301
-0.09277
-0.09277
-0.09277
-0.09277
 -0.1025
 -0.1123
 -0.1221
 -0.1221
 -0.1318
 -0.1416
 -0.1514
 -0.1514
 -0.1709
 -0.1709
-0.08301
-0.08301
-0.05371
-0.05371
-0.05371
-0.05371
-0.07324
-0.06348
-0.06348
-0.06348
-0.04395
-0.05371
-0.04395
-0.02441
-0.03418
-0.04395
-0.05371
-0.03418
-0.004883
-0.01465
-0.01465
-0.01465
-0.01465
-0.03418
-0.05371
-0.07324
-0.09277
-0.07324
-0.08301
-0.09277
-0.09277
 -0.1025
 -0.1025
-0.09277
 -0.1025
-0.09277
-0.09277
 -0.1025
-0.08301
-0.09277
-0.09277
 -0.1025
 -0.1025
-0.08301
-0.08301
-0.08301
-0.07324
-0.06348
-0.07324
-0.07324
-0.06348
-0.06348
-0.05371
-0.05371
-0.04395
-0.03418
-0.03418
-0.01465
-0.06348
-0.06348
-0.07324
-0.08301
 -0.1025
 -0.1123
 -0.1221
 -0.1318
 -0.1221
 -0.1221
 -0.1221
 -0.1123
 -0.1123
 -0.2002
 -0.1123
 -0.1221
 -0.1221
 -0.1123
 -0.1221
 -0.1123
 -0.1123
 -0.1123
 -0.1123
 -0.1123
 -0.1123
 -0.1025
-0.09277
-0.07324
-0.07324
-0.07324
 -0.1611
-0.06348
-0.07324
-0.07324
-0.07324
-0.08301
-0.08301
 -0.1318
   -0.21
 -0.2783
 -0.2783
 -0.1904
 0.04395
  0.3174
   0.542
  0.7471
  0.9033
  0.9521
   1.118
    1.06
  0.9717
   0.874
  0.7471
  0.3564
-0.01465
 -0.1025
-0.05371
-0.004883
 0.02441
 0.02441
 0.01465
 0.004883
-0.01465
-0.01465
 -0.1221
-0.03418
-0.05371
-0.06348
-0.06348
-0.06348
-0.06348
-0.07324
-0.06348
-0.07324
-0.08301
-0.07324
-0.08301
-0.07324
-0.06348
-0.08301
-0.06348
 -0.1709
-0.07324
-0.09277
-0.07324
-0.08301
-0.08301
-0.07324
-0.08301
-0.08301
-0.08301
-0.09277
-0.07324
-0.07324
-0.07324
-0.06348
-0.07324
-0.06348
 -0.1514
-0.05371
-0.05371
-0.05371
-0.04395
-0.05371
-0.05371
-0.05371
-0.05371
-0.05371
-0.06348
-0.06348
-0.07324
-0.07324
-0.06348
-0.08301
-0.09277
 -0.2002
 -0.1025
 -0.1221
 -0.1221
 -0.1318
 -0.1221
 -0.1318
 -0.1416
 -0.1416
 -0.1611
 -0.1807
 -0.1904
 -0.1807
 -0.1807
 -0.1904
   -0.21
 -0.2002
 -0.2686
 -0.2002
   -0.21
   -0.21
   -0.21
 -0.1904
    3.54
 -0.2002
 -0.1904
 -0.2002
 -0.1904
 -0.1904
 -0.1904
 -0.1807
 -0.1807
 -0.1904
 -0.1807
 -0.2979
 -0.1904
 -0.2002
 -0.1904
 -0.1904
 -0.1904
 -0.1904
 -0.1904
 -0.1904
 -0.1904
 -0.1904
 -0.1904
 -0.1807
 -0.1611
 -0.1709
 -0.1709
 -0.1611
 -0.2783
 -0.1514
 -0.1611
 -0.1611
 -0.1514
 -0.1514
 -0.1611
 -0.1611
 -0.1611
 -0.1611
 -0.1611
 -0.1514
 -0.1514
 -0.1416
 -0.1416
 -0.1416
 -0.1416
 -0.2295
 -0.1318
 -0.1611
 -0.1611
 -0.1611
 -0.1709
 -0.1611
 -0.1611
 -0.1709
 -0.1709
 -0.1709
 -0.1611
 -0.1611
 -0.1514
 -0.1514
 -0.1514
 -0.1514
 -0.1709
 -0.1318
 -0.1514
 -0.1611
 -0.1514
 -0.1611
 -0.1611
 -0.1611
 -0.1611
 -0.1514
 -0.1611
 -0.1611
 -0.1514
 -0.1416
 -0.1514
 -0.1514
 -0.1514
  0.1904
 -0.1416
 -0.1611
 -0.1514
 -0.1514
 -0.1611
 -0.1611
 -0.1611
 -0.1611
 -0.1611
 -0.1611
 -0.1709
 -0.1709
 -0.1611
 -0.1611
 -0.1611
 -0.1611
  0.4346
 -0.1611
 -0.1709
 -0.1611
 -0.1611
 -0.1709
 -0.1709
 -0.1709
 -0.1709
 -0.1514
 -0.1709
 -0.1709
 -0.1709
 -0.1709
 -0.1611
 -0.1611
 -0.1611
  0.4346
 -0.1514
 -0.1709
 -0.1611
 -0.1709
 -0.1709
 -0.1709
 -0.1709
 -0.1709
 -0.1611
 -0.1709
 -0.1709
 -0.1709
 -0.1709
 -0.1611
 -0.1709
 -0.1709
  0.3662
 -0.1611
 -0.1807
 -0.1807
 -0.1904
 -0.1807
 -0.1904
 -0.1807
 -0.1807
 -0.1807
 -0.1807
 -0.1709
 -0.1709
 -0.1807
 -0.1709
 -0.1807
 -0.1807
  0.2686
 -0.1709
 -0.1807
 -0.1904
 -0.1904
 -0.1904
 -0.2002
 -0.1904
 -0.1904
 -0.2002
 -0.2002
 -0.1807
 -0.1807
 -0.1807
 -0.1709
 -0.1709
 -0.1709
  0.3955
 -0.1514
 -0.1709
 -0.1611
 -0.1611
 -0.1611
 -0.1709
 -0.1611
 -0.1611
 -0.1611
 -0.1709
 -0.1611
 -0.1514
 -0.1416
 -0.1221
 -0.1221
 -0.1025
  0.5127
 -0.1025
 -0.1123
-0.08301
-0.08301
-0.09277
-0.09277
-0.09277
-0.09277
 -0.1025
 -0.1123
 -0.1221
 -0.1318
 -0.1318
 -0.1221
 -0.1318
 -0.1221
  0.4053
 -0.1123
 -0.1221
 -0.1221
 -0.1123
 -0.1123
 -0.1123
-0.09277
-0.09277
-0.09277
-0.09277
-0.09277
-0.09277
-0.08301
-0.08301
-0.08301
-0.07324
   0.415
-0.07324
-0.08301
-0.08301
-0.09277
-0.09277
 -0.1025
-0.08301
-0.09277
-0.09277
-0.09277
 -0.1025
-0.09277
-0.09277
-0.09277
-0.08301
-0.08301
  0.3369
-0.08301
 -0.1025
 -0.1221
 -0.1221
 -0.1221
 -0.1318
 -0.1318
 -0.1416
 -0.1318
 -0.1318
 -0.1514
 -0.1318
 -0.1318
 -0.1318
 -0.1318
 -0.1318
  0.4541
 -0.1318
 -0.1611
 -0.1611
 -0.1611
 -0.1709
 -0.1709
 -0.1709
 -0.1709
 -0.1611
 -0.1709
 -0.1807
 -0.1709
 -0.1807
 -0.1709
 -0.1611
 -0.1709
  0.2686
 -0.1611
 -0.1904
 -0.1807
 -0.1807
 -0.2002
 -0.1807
 -0.1904
 -0.1904
 -0.1904
 -0.2002
 -0.2002
 -0.2002
 -0.2002
 -0.1904
 -0.2002
 -0.1904
  0.3369
 -0.1904
   -0.21
 -0.2002
 -0.2002
   -0.21
 -0.2002
 -0.2002
 -0.2002
 -0.1904
   -0.21
 -0.2002
 -0.2002
 -0.2002
 -0.1904
 -0.1807
 -0.1807
  0.3076
 -0.1807
   -0.21
 -0.2002
 -0.2002
 -0.2002
 -0.1904
 -0.2002
 -0.1904
 -0.1904
 -0.2002
   -0.21
 -0.2002
 -0.2002
 -0.2002
 -0.1904
 -0.1904
  0.4053
 -0.1904
   -0.21
   -0.21
   -0.21
   -0.21
   -0.21
 -0.1904
 -0.2002
 -0.1904
 -0.2002
 -0.2002
 -0.2002
 -0.1904
 -0.1904
 -0.1807
 -0.1807
  0.4346
 -0.1709
 -0.2002
 -0.2002
 -0.2002
 -0.2002
 -0.1904
 -0.1904
 -0.1807
 -0.1904
 -0.1904
 -0.2002
 -0.2002
 -0.2002
 -0.1904
 -0.2002
 -0.1807
  0.2588
 -0.1904
   -0.21
 -0.2002
 -0.2002
 -0.1904
 -0.2002
 -0.1807
 -0.1807
   -0.21
 -0.1904
 -0.2002
   -0.21
 -0.2002
 -0.1807
 -0.1807
 -0.1709
  0.2881
 -0.1514
 -0.1807
 -0.1709
 -0.1611
 -0.1416
 -0.1416
 -0.1416
 -0.1318
 -0.1416
 -0.1514
 -0.1611
 -0.1807
 -0.1807
 -0.1807
 -0.1807
 -0.1807
   0.415
 -0.1807
 -0.1904
 -0.1904
 -0.1709
 -0.1709
 -0.1611
 -0.1514
 -0.1514
 -0.1318
 -0.1514
 -0.1514
 -0.1416
 -0.1221
 -0.1123
 -0.1221
 -0.1123
  0.4834
 -0.1221
 -0.1416
 -0.1221
 -0.1221
 -0.1318
 -0.1221
 -0.1221
 -0.1318
 -0.1221
 -0.1318
 -0.1318
 -0.1318
 -0.1123
 -0.1123
 -0.1025
 -0.1123
  0.4834
 -0.1123
 -0.1318
 -0.1318
 -0.1123
 -0.1318
 -0.1318
 -0.1123
 -0.1221
 -0.1318
 -0.1318
 -0.1416
 -0.1318
 -0.1221
 -0.1221
 -0.1123
 -0.1123
  0.4248
 -0.1221
 -0.1416
 -0.1221
 -0.1221
 -0.1221
 -0.1318
 -0.1221
 -0.1416
 -0.1318
 -0.1318
 -0.1416
 -0.1318
 -0.1416
 -0.1318
 -0.1221
 -0.1318
  0.1904
 -0.1611
 -0.1904
 -0.1611
 -0.1611
 -0.1709
 -0.1709
 -0.1807
 -0.1709
 -0.1904
 -0.1807
 -0.2002
 -0.1904
 -0.1904
 -0.1807
 -0.1709
 -0.1807
 -0.1807
 -0.2979
 -0.2393
 -0.1904
 -0.2002
 -0.2002
 -0.2002
 -0.1904
 -0.1904
 -0.1904
 -0.2002
 -0.2002
 -0.1904
 -0.1904
 -0.1807
 -0.1709
 -0.1904
 -0.1904
 -0.5713
 -0.2197
 -0.1807
 -0.1904
 -0.1807
 -0.1807
 -0.1807
 -0.1807
 -0.1709
 -0.1807
 -0.1807
 -0.1611
 -0.1514
 -0.1416
 -0.1416
 -0.1416
 -0.1416
  -0.835
 -0.1807
 -0.1514
 -0.1318
 -0.1318
 -0.1318
 -0.1318
 -0.1416
 -0.1318
 -0.1514
 -0.1318
 -0.1318
 -0.1318
 -0.1318
 -0.1318
 -0.1318
 -0.1416
 -0.5518
 -0.1709
 -0.1416
 -0.1514
 -0.1416
 -0.1514
 -0.1514
 -0.1709
 -0.1709
 -0.1709
 -0.1709
 -0.1709
 -0.1611
 -0.1514
 -0.1611
 -0.1709
 -0.1709
 -0.7471
 -0.1904
 -0.1709
 -0.1709
 -0.1611
 -0.1709
 -0.1807
 -0.1807
 -0.1904
 -0.2002
 -0.1904
 -0.2002
 -0.1904
 -0.1904
 -0.2002
 -0.1807
 -0.1807
 -0.6396
 -0.1904
 -0.1514
 -0.1514
 -0.1514
 -0.1709
 -0.1514
 -0.1123
 -0.1123
 -0.1221
 -0.1123
 -0.1025
 -0.1025
 -0.1025
 -0.1123
 -0.1318
 -0.1416
 -0.7764
 -0.1709
 -0.1416
 -0.1416
 -0.1416
 -0.1416
 -0.1221
 -0.1221
 -0.1221
 -0.1123
 -0.1025
-0.09277
-0.08301
-0.08301
-0.08301
-0.08301
-0.07324
 -0.6104
 -0.1123
-0.09277
-0.09277
 -0.1025
 -0.1025
 -0.1025
 -0.1025
 -0.1025
-0.09277
-0.08301
-0.07324
-0.08301
-0.08301
-0.08301
-0.08301
-0.07324
 -0.7275
 -0.1221
 -0.1025
-0.09277
-0.09277
 -0.1123
 -0.1025
 -0.1025
 -0.1025
 -0.1025
 -0.1025
-0.09277
-0.09277
-0.07324
-0.09277
 -0.1025
 -0.1025
  -0.708
 -0.1318
 -0.1025
 -0.1123
 -0.1318
 -0.1318
 -0.1318
 -0.1318
 -0.1318
 -0.1416
 -0.1514
 -0.1318
 -0.1318
 -0.1318
 -0.1318
 -0.1416
 -0.1416
 -0.7666
 -0.1514
 -0.1514
 -0.1514
 -0.1709
 -0.1611
 -0.1709
 -0.1709
 -0.1611
 -0.1709
 -0.1709
 -0.1611
 -0.1611
 -0.1611
 -0.1514
 -0.1611
 -0.1611
 -0.6885
 -0.1611
 -0.1514
 -0.1514
 -0.1611
 -0.1807
 -0.1611
 -0.1611
 -0.1611
 -0.1611
 -0.1514
 -0.1318
 -0.1514
 -0.1416
 -0.1318
 -0.1514
 -0.1416
 -0.7666
 -0.1611
 -0.1514
 -0.1611
 -0.1611
 -0.1611
 -0.1514
 -0.1514
 -0.1416
 -0.1416
 -0.1416
 -0.1318
 -0.1416
 -0.1318
 -0.1318
 -0.1318
 -0.1221
 -0.6982
 -0.1514
 -0.1318
 -0.1514
 -0.1514
 -0.1514
 -0.1514
 -0.1416
 -0.1514
 -0.1416
 -0.1514
 -0.1416
 -0.1514
 -0.1416
 -0.1416
 -0.1416
 -0.1416
 -0.6787
 -0.1709
 -0.1514
 -0.1611
 -0.1611
 -0.1709
 -0.1709
 -0.1514
 -0.1514
 -0.1611
 -0.1514
 -0.1611
 -0.1416
 -0.1416
 -0.1416
 -0.1416
 -0.1318
 -0.6006
 -0.1611
 -0.1416
 -0.1611
 -0.1514
 -0.1514
 -0.1514
 -0.1514
 -0.1416
 -0.1416
 -0.1514
 -0.1514
 -0.1514
 -0.1416
 -0.1416
 -0.1318
 -0.1416
 -0.6885
 -0.1611
 -0.1514
 -0.1416
 -0.1416
 -0.1416
 -0.1123
 -0.1123
 -0.1123
 -0.1123
-0.09277
-0.08301
-0.08301
-0.08301
-0.08301
-0.07324
-0.08301
 -0.6982
 -0.1318
 -0.1318
 -0.1514
 -0.1416
 -0.1514
 -0.1318
 -0.1318
 -0.1221
 -0.1123
 -0.1025
 -0.1025
-0.09277
-0.08301
-0.08301
-0.07324
-0.06348
 -0.6592
-0.07324
-0.07324
-0.07324
-0.06348
-0.07324
-0.06348
-0.06348
-0.05371
-0.06348
-0.06348
-0.05371
-0.06348
-0.06348
-0.04395
-0.05371
-0.05371
 -0.4736
-0.08301
-0.07324
-0.07324
-0.07324
-0.08301
-0.07324
-0.08301
-0.08301
-0.08301
 -0.1025
 -0.1025
-0.09277
-0.09277
-0.09277
-0.09277
-0.09277
 -0.3369
 -0.1221
 -0.1221
 -0.1221
 -0.1221
 -0.1221
 -0.1318
 -0.1318
 -0.1318
 -0.1416
 -0.1514
 -0.1514
 -0.1416
 -0.1416
 -0.1221
 -0.1318
 -0.1318
 -0.6201
 -0.1611
 -0.1514
 -0.1416
 -0.1514
 -0.1416
 -0.1514
 -0.1514
 -0.1514
 -0.1611
 -0.1611
 -0.1611
 -0.1611
 -0.1514
 -0.1514
 -0.1514
 -0.1514
 -0.8057
 -0.1807
 -0.1611
 -0.1709
 -0.1807
 -0.1709
 -0.1514
 -0.1611
 -0.1611
 -0.1807
 -0.1709
 -0.1611
 -0.1611
 -0.1514
 -0.1514
 -0.1514
 -0.1514
 -0.4736
 -0.1709
 -0.1709
 -0.1611
 -0.1611
 -0.1709
 -0.1611
 -0.1709
 -0.1611
 -0.1709
 -0.1807
 -0.1709
 -0.1807
 -0.1611
 -0.1514
 -0.1611
 -0.1514
 -0.5811
 -0.1904
 -0.1709
 -0.1807
 -0.1807
 -0.1807
 -0.1807
 -0.1807
 -0.1709
 -0.1807
 -0.1807
 -0.1807
 -0.1709
 -0.1611
 -0.1611
 -0.1514
 -0.1514
 -0.7275
 -0.2002
 -0.1709
 -0.1807
 -0.1709
 -0.1709
 -0.1611
 -0.1709
 -0.1807
 -0.1709
 -0.1807
 -0.1709
 -0.1709
 -0.1709
 -0.1709
 -0.1611
 -0.1611
 -0.6104
 -0.1904
 -0.1807
 -0.1807
 -0.1709
 -0.1807
 -0.1709
 -0.1709
 -0.1807
 -0.1709
 -0.1709
 -0.1807
 -0.1709
 -0.1709
 -0.1709
 -0.1611
 -0.1709
 -0.6299
 -0.2002
 -0.1807
 -0.1904
 -0.1807
 -0.1904
 -0.1709
 -0.1807
 -0.1807
 -0.1709
 -0.1611
 -0.1514
 -0.1221
 -0.1318
 -0.1318
 -0.1318
 -0.1123
  -0.542
 -0.1416
 -0.1221
 -0.1221
 -0.1221
 -0.1416
 -0.1318
 -0.1318
 -0.1318
 -0.1221
 -0.1123
 -0.1025
-0.07324
-0.06348
-0.02441
 0.004883
 0.02441
 0.06348
  0.1025
  0.1221
  0.1416
  0.1807
  0.1611
  0.3564
  0.4736
  0.6396
  0.8545
    1.04
   1.235
   1.274
   1.362
   1.421
    1.47
   1.616
   1.841
   2.017
   2.104
   2.085
   2.026
   1.899
   1.753
   1.499
   1.274
   1.069
  0.9033
  0.6689
  0.2588
 0.03418
 0.02441
 0.02441
 0.004883
-0.02441
-0.06348
-0.09277
 -0.1416
 -0.1709
 -0.1709
   -0.21
 -0.2686
 -0.2588
 -0.2783
 -0.2979
 -0.2979
 -0.3174
 -0.3174
 -0.3369
 -0.3369
 -0.3467
 -0.3467
 -0.3467
 -0.3369
 -0.3564
 -0.3662
  0.2295
 -0.3662
 -0.4053
 -0.3857
 -0.3857
 -0.4053
 -0.4053
  -0.415
 -0.4248
 -0.4248
 -0.4443
 -0.4346
 -0.4443
 -0.4443
 -0.4443
 -0.4443
 -0.4639
 0.004883
 -0.4639
 -0.5127
 -0.5029
 -0.5127
 -0.5225
 -0.5322
 -0.5518
 -0.5518
 -0.5713
 -0.5908
 -0.5908
 -0.6104
 -0.6201
 -0.6299
 -0.6494
 -0.6592
  -0.542
 -0.6982
 -0.7275
 -0.7275
 -0.7568
 -0.7764
 -0.7959
 -0.8154
 -0.8252
 -0.8447
 -0.8545
 -0.8545
  -0.874
 -0.8643
 -0.8643
  -0.874
 -0.8545
 -0.4053
 -0.8447
 -0.8447
 -0.8154
 -0.7959
 -0.7666
 -0.7471
  -0.708
 -0.6689
 -0.6396
 -0.5908
 -0.5518
 -0.5029
 -0.4541
  -0.415
  -0.376
 -0.3564
 0.02441
 -0.2783
 -0.2783
 -0.2588
  -0.249
 -0.2295
 -0.2295
   -0.21
 -0.2197
 -0.2197
   -0.21
   -0.21
   -0.21
 -0.1904
 -0.1904
 -0.1807
 -0.1709
  0.3174
 -0.1514
 -0.1709
 -0.1611
 -0.1611
 -0.1709
 -0.1514
 -0.1514
 -0.1514
 -0.1611
 -0.1514
 -0.1416
 -0.1416
 -0.1514
 -0.1709
 -0.1807
 -0.1904
  0.2393
 -0.1709
 -0.1904
 -0.1807
 -0.1709
 -0.1709
 -0.1709
 -0.1514
 -0.1611
 -0.1514
 -0.1318
 -0.1416
 -0.1318
 -0.1221
 -0.1221
 -0.1221
 -0.1123
  0.3564
 -0.1025
 -0.1123
 -0.1123
 -0.1025
 -0.1123
 -0.1318
 -0.1123
 -0.1221
 -0.1123
 -0.1221
 -0.1221
 -0.1123
 -0.1221
 -0.1123
 -0.1318
 -0.1221
  0.4639
 -0.1025
 -0.1318
 -0.1318
 -0.1318
 -0.1416
 -0.1416
 -0.1514
 -0.1416
 -0.1318
 -0.1514
 -0.1514
 -0.1416
 -0.1514
 -0.1416
 -0.1416
 -0.1514
   0.415
 -0.1416
 -0.1611
 -0.1611
 -0.1611
 -0.1709
 -0.1807
 -0.1709
 -0.1709
 -0.1709
 -0.1709
 -0.1709
 -0.1709
 -0.1807
 -0.1709
 -0.1709
 -0.1709
  0.2686
 -0.1709
 -0.1807
 -0.1807
 -0.1807
 -0.1807
 -0.2002
 -0.1904
 -0.2002
 -0.1904
 -0.1904
 -0.1904
 -0.1904
 -0.1904
 -0.1709
 -0.1807
 -0.1904
  0.3174
 -0.1807
 -0.1904
 -0.1807
 -0.2002
 -0.1904
 -0.2002
   -0.21
 -0.2002
 -0.2002
   -0.21
   -0.21
 -0.2002
 -0.2002
 -0.2002
 -0.2002
 -0.2002
  0.3955
 -0.1904
 -0.2002
 -0.2002
   -0.21
 -0.2002
   -0.21
 -0.2002
 -0.1904
 -0.2002
 -0.2002
 -0.2002
 -0.1904
 -0.1904
 -0.1807
 -0.1904
 -0.1904
   0.415
 -0.1709
 -0.1807
 -0.1807
 -0.1807
 -0.1904
 -0.2002
 -0.1904
 -0.1807
 -0.1807
 -0.1807
 -0.1709
 -0.1807
 -0.1709
 -0.1709
 -0.1709
 -0.1611
  0.4541
 -0.1611
 -0.1709
 -0.1611
 -0.1709
 -0.1709
 -0.1709
 -0.1709
 -0.1611
 -0.1514
 -0.1611
 -0.1611
 -0.1611
 -0.1611
 -0.1416
 -0.1514
 -0.1416
  0.4639
 -0.1416
 -0.1514
 -0.1611
 -0.1611
 -0.1611
 -0.1709
 -0.1611
 -0.1611
 -0.1514
 -0.1514
 -0.1611
 -0.1611
 -0.1514
 -0.1611
 -0.1514
 -0.1416
  0.4541
 -0.1416
 -0.1514
 -0.1611
 -0.1709
 -0.1611
 -0.1611
 -0.1514
 -0.1514
 -0.1611
 -0.1514
 -0.1709
 -0.1514
 -0.1514
 -0.1416
 -0.1318
 -0.1123
  0.4932
-0.09277
 -0.1221
 -0.1025
-0.09277
-0.09277
-0.09277
-0.08301
-0.08301
-0.08301
-0.08301
 -0.1123
 -0.1221
 -0.1318
 -0.1318
 -0.1221
 -0.1123
  0.4932
 -0.1025
 -0.1123
 -0.1025
 -0.1025
 -0.1025
-0.09277
-0.08301
-0.07324
-0.06348
-0.07324
-0.07324
-0.07324
-0.07324
-0.05371
-0.04395
-0.05371
  0.5615
-0.03418
-0.07324
-0.05371
-0.05371
-0.07324
-0.05371
-0.05371
-0.05371
-0.05371
-0.07324
-0.06348
-0.06348
-0.06348
-0.06348
-0.07324
-0.06348
  0.4932
-0.05371
-0.08301
-0.08301
-0.09277
-0.09277
-0.08301
-0.09277
-0.09277
-0.07324
-0.09277
 -0.1025
-0.09277
-0.09277
-0.08301
-0.08301
-0.08301
  0.4053
-0.07324
 -0.1025
 -0.1025
 -0.1025
 -0.1123
 -0.1025
-0.09277
-0.09277
 -0.1025
 -0.1025
 -0.1025
 -0.1025
 -0.1025
-0.09277
 -0.1514
 -0.2197
  0.2783
 -0.2783
  -0.249
-0.06348
  0.1514
  0.3564
   0.542
  0.7568
  0.8838
   1.001
    1.06
  0.9912
  0.9229
  0.8252
   0.542
  0.1025
 -0.1123
 -0.2002
-0.01465
 0.004883
 0.02441
 0.01465
 0.004883
-0.01465
-0.02441
-0.02441
-0.04395
-0.05371
-0.06348
-0.07324
-0.06348
-0.07324
-0.07324
-0.07324
 -0.1221
-0.07324
 -0.1025
-0.09277
 -0.1025
-0.09277
-0.09277
-0.09277
-0.09277
 -0.1025
 -0.1025
-0.09277
 -0.1025
-0.09277
-0.08301
-0.08301
-0.07324
  0.1709
-0.06348
 -0.1025
-0.09277
-0.09277
-0.08301
-0.08301
-0.08301
-0.07324
-0.08301
-0.07324
-0.08301
-0.07324
-0.06348
-0.06348
-0.06348
-0.05371
  0.4443
-0.06348
-0.09277
-0.09277
-0.08301
-0.08301
-0.09277
-0.09277
-0.09277
 -0.1025
 -0.1123
 -0.1123
 -0.1123
-0.09277
-0.09277
 -0.1025
 -0.1123
 0.08301
 -0.1123
 -0.1611
 -0.1514
 -0.1514
 -0.1514
 -0.1611
 -0.1514
 -0.1611
 -0.1709
 -0.1709
 -0.1709
 -0.1709
 -0.1709
 -0.1318
 -0.1123
 -0.1123
  0.3174
-0.08301
-0.09277
-0.08301
-0.08301
-0.08301
-0.08301
-0.08301
-0.09277
-0.09277
-0.08301
-0.09277
-0.07324
-0.07324
-0.07324
-0.06348
-0.07324
  0.4639
-0.06348
-0.09277
-0.07324
-0.08301
-0.06348
-0.07324
-0.06348
-0.08301
-0.07324
-0.08301
-0.08301
-0.07324
-0.05371
-0.06348
-0.05371
-0.07324
  0.4053
-0.05371
-0.08301
-0.06348
-0.07324
-0.07324
-0.07324
-0.07324
-0.08301
-0.08301
-0.09277
-0.08301
-0.07324
-0.07324
-0.07324
-0.06348
-0.07324
  0.5127
-0.06348
-0.09277
-0.07324
-0.08301
-0.08301
-0.07324
-0.07324
-0.07324
-0.07324
-0.07324
-0.07324
-0.07324
-0.06348
-0.06348
-0.05371
-0.06348
  0.4248
-0.06348
-0.08301
-0.06348
-0.07324
-0.07324
-0.08301
-0.08301
-0.07324
-0.07324
-0.08301
-0.07324
-0.07324
-0.07324
-0.06348
-0.06348
-0.07324
  0.4541
-0.06348
-0.09277
-0.07324
-0.08301
-0.06348
 -0.1904
-0.07324
-0.06348
-0.08301
-0.07324
-0.07324
-0.07324
-0.08301
-0.07324
-0.08301
-0.07324
-0.08301
-0.07324
-0.06348
-0.06348
-0.06348
-0.07324
 -0.1904
-0.07324
-0.08301
-0.07324
-0.07324
-0.08301
-0.08301
-0.08301
-0.07324
-0.08301
-0.07324
-0.07324
-0.07324
-0.06348
-0.07324
-0.06348
-0.06348
 -0.1904
-0.06348
-0.08301
-0.07324
-0.07324
-0.07324
-0.09277
-0.08301
-0.09277
-0.09277
-0.08301
-0.08301
-0.08301
-0.07324
-0.07324
-0.07324
-0.07324
 -0.1904
-0.06348
-0.09277
-0.07324
-0.07324
-0.08301
-0.09277
-0.09277
-0.09277
-0.08301
-0.09277
-0.09277
-0.07324
-0.07324
-0.07324
-0.08301
-0.07324
 -0.1514
-0.06348
-0.08301
-0.07324
-0.08301
-0.09277
-0.09277
-0.08301
-0.08301
-0.07324
-0.08301
-0.08301
-0.07324
-0.06348
-0.05371
-0.03418
-0.03418
-0.04395
-0.03418
-0.01465
-0.004883
-0.01465
-0.01465
 -0.1318
-0.01465
-0.02441
-0.03418
-0.05371
-0.07324
-0.07324
-0.06348
-0.07324
-0.06348
-0.05371
-0.05371
-0.03418
-0.02441
-0.01465
-0.01465
-0.004883
 -0.1123
 0.004883
-0.004883
 0.004883
 0.004883
-0.004883
 0.004883
 0.004883
 0.004883
 0.004883
 0.01465
 0.01465
 0.01465
 0.004883
 0.01465
 0.02441
 0.02441
-0.09277
 0.03418
 0.004883
 0.01465
 0.004883
-0.004883
-0.004883
-0.004883
-0.01465
-0.01465
-0.01465
-0.004883
-0.004883
-0.01465
-0.004883
-0.01465
-0.01465
 -0.1025
-0.004883
-0.02441
-0.02441
-0.03418
-0.03418
-0.04395
-0.04395
-0.03418
-0.04395
-0.03418
-0.04395
-0.04395
-0.04395
-0.04395
-0.04395
-0.04395
-0.04395
-0.02441
-0.05371
-0.04395
-0.05371
-0.05371
-0.06348
-0.05371
-0.05371
-0.05371
-0.05371
-0.05371
-0.06348
-0.05371
-0.05371
-0.05371
-0.05371
  0.3955
-0.04395
-0.07324
-0.05371
-0.06348
-0.06348
-0.07324
-0.06348
-0.06348
-0.06348
-0.05371
-0.05371
-0.06348
-0.05371
-0.04395
-0.05371
-0.05371
  0.5518
-0.04395
-0.06348
-0.05371
-0.06348
-0.07324
-0.07324
-0.05371
-0.06348
-0.06348
-0.05371
-0.05371
-0.06348
-0.05371
-0.05371
-0.04395
-0.04395
-0.05371
-0.04395
-0.04395
-0.04395
-0.04395
-0.03418
 -0.1611
-0.03418
-0.05371
-0.05371
-0.06348
-0.06348
-0.05371
-0.05371
-0.05371
-0.06348
-0.06348
-0.06348
-0.05371
-0.05371
-0.05371
-0.04395
-0.03418
 -0.1611
-0.03418
-0.05371
-0.05371
-0.05371
-0.05371
-0.05371
-0.04395
-0.04395
-0.04395
-0.04395
-0.04395
-0.04395
-0.04395
-0.03418
-0.02441
-0.03418
 -0.1123
-0.02441
-0.04395
-0.03418
-0.04395
-0.05371
-0.05371
-0.04395
-0.04395
-0.04395
-0.05371
-0.05371
-0.05371
-0.04395
-0.03418
-0.004883
-0.004883
  0.1416
 0.01465
-0.01465
 0.004883
 0.004883
 0.02441
 0.01465
 0.02441
 0.01465
 0.02441
 0.01465
 0.004883
-0.004883
-0.02441
-0.02441
-0.01465
-0.01465
  0.5908
-0.01465
-0.02441
-0.004883
-0.004883
-0.004883
 0.01465
 0.02441
 0.02441
 0.02441
 0.02441
 0.03418
 0.04395
 0.04395
 0.05371
 0.05371
 0.05371
  0.5518
 0.06348
 0.04395
 0.05371
 0.05371
 0.05371
 0.05371
 0.05371
 0.04395
 0.06348
 0.04395
 0.04395
 0.05371
 0.04395
 0.06348
 0.05371
 0.04395
  0.6592
 0.05371
 0.02441
 0.03418
 0.02441
 0.02441
 0.02441
 0.02441
 0.02441
 0.01465
 0.01465
 0.004883
 0.004883
 0.004883
 0.02441
 0.01465
 0.01465
  0.5322
 0.02441
-0.01465
 0.004883
-0.004883
-0.004883
-0.01465
-0.004883
-0.004883
-0.004883
-0.01465
-0.01465
-0.004883
-0.004883
 0.004883
 0.004883
 0.01465
  0.4736
 0.004883
-0.02441
-0.01465
-0.01465
-0.004883
-0.01465
-0.01465
-0.004883
-0.02441
-0.01465
-0.02441
-0.01465
-0.01465
-0.004883
 0.004883
-0.004883
  0.4541
-0.004883
-0.02441
-0.01465
-0.02441
-0.02441
-0.02441
-0.01465
-0.02441
-0.02441
-0.02441
-0.02441
-0.02441
-0.01465
-0.01465
-0.01465
-0.004883
  0.6006
-0.004883
-0.02441
-0.01465
-0.01465
-0.02441
-0.01465
-0.01465
-0.01465
-0.01465
-0.02441
-0.02441
-0.02441
-0.01465
-0.004883
-0.004883
-0.004883
  0.5029
 0.004883
-0.02441
-0.01465
-0.01465
-0.01465
-0.01465
-0.004883
-0.01465
-0.01465
-0.01465
-0.02441
-0.01465
-0.004883
 0.004883
-0.004883
 0.004883
  0.4834
 0.004883
-0.02441
-0.01465
-0.004883
-0.004883
-0.01465
-0.004883
-0.02441
-0.02441
-0.01465
-0.02441
-0.01465
-0.01465
-0.004883
-0.004883
-0.01465
  0.4736
-0.004883
-0.03418
-0.02441
-0.02441
-0.02441
-0.03418
-0.02441
-0.04395
-0.03418
-0.03418
-0.04395
-0.03418
-0.03418
-0.02441
-0.02441
-0.02441
   0.542
-0.02441
-0.06348
-0.04395
-0.03418
-0.03418
-0.02441
-0.01465
-0.004883
-0.004883
-0.004883
-0.01465
 0.01465
 0.03418
 0.02441
 0.02441
 0.02441
 0.01465
 0.01465
 0.02441
 0.02441
 0.02441
 0.01465
 0.01465
  0.2979
 0.01465
-0.01465
-0.004883
-0.004883
-0.004883
-0.01465
-0.01465
-0.01465
-0.02441
-0.02441
-0.02441
-0.01465
-0.04395
 -0.1025
 -0.1709
 -0.2002
  0.4443
-0.04395
  0.1514
  0.3662
  0.5518
  0.7568
  0.9131
    1.05
   1.118
   1.089
   1.021
  0.9424
  0.7666
  0.3369
 0.004883
-0.03418
 0.04395
-0.01465
  0.1123
  0.1025
  0.1025
 0.08301
 0.07324
 0.05371
 0.04395
 0.03418
 0.02441
 0.01465
 0.01465
 0.01465
 0.02441
 0.02441
 0.02441
 0.004883
-0.01465
 0.02441
-0.004883
 0.004883
 0.004883
 0.004883
-0.01465
 0.004883
-0.004883
-0.004883
 0.004883
 0.004883
 0.004883
 0.01465
 0.02441
 0.01465
 0.01465
  0.3076
 0.03418
 0.004883
 0.01465
 0.01465
 0.01465
 0.004883
 0.01465
 0.004883
 0.004883
 0.01465
 0.01465
 0.01465
 0.02441
 0.02441
 0.02441
 0.01465
  0.6006
 0.02441
 0.004883
 0.004883
 0.004883
-0.004883
-0.01465
-0.01465
-0.02441
-0.02441
-0.02441
-0.03418
-0.02441
-0.02441
-0.03418
-0.04395
-0.05371
 0.09277
-0.05371
-0.08301
-0.09277
-0.09277
 -0.1123
 -0.1318
 -0.1221
 -0.1416
 -0.1416
 -0.1514
 -0.1514
 -0.1416
 -0.1221
 -0.1025
-0.09277
-0.07324
  0.5029
-0.01465
-0.02441
-0.004883
 0.01465
 0.03418
 0.04395
 0.05371
 0.03418
 0.05371
 0.04395
 0.02441
 0.02441
 0.004883
-0.01465
-0.01465
-0.03418
  0.4346
-0.02441
-0.05371
-0.03418
-0.02441
-0.02441
-0.02441
-0.01465
-0.01465
-0.004883
-0.004883
 0.004883
 0.004883
 0.01465
 0.01465
 0.01465
 0.01465
  0.4639
 0.03418
 0.01465
 0.02441
 0.01465
 0.02441
 0.01465
 0.01465
 0.01465
 0.01465
 0.004883
 0.01465
 0.01465
 0.01465
 0.01465
 0.004883
 0.01465
  0.4834
 0.01465
-0.004883
-0.004883
-0.004883
-0.004883
-0.01465
-0.01465
-0.004883
-0.01465
-0.01465
-0.01465
-0.01465
-0.01465
-0.004883
-0.004883
-0.01465
  0.6006
-0.004883
-0.02441
-0.01465
-0.03418
-0.03418
-0.03418
-0.03418
-0.03418
-0.02441
-0.03418
-0.02441
-0.03418
-0.02441
-0.02441
-0.03418
-0.02441
  0.4736
-0.01465
-0.03418
-0.03418
-0.04395
-0.04395
-0.04395
-0.04395
-0.04395
-0.03418
-0.03418
-0.03418
-0.03418
-0.03418
-0.03418
-0.03418
-0.02441
  0.4639
-0.01465
-0.03418
-0.04395
-0.04395
-0.04395
-0.05371
-0.04395
-0.04395
-0.04395
-0.03418
-0.04395
-0.03418
-0.04395
-0.04395
-0.03418
-0.03418
  0.4932
-0.03418
-0.05371
-0.05371
-0.05371
-0.05371
-0.06348
-0.05371
-0.05371
-0.05371
-0.05371
-0.05371
-0.06348
-0.05371
-0.05371
-0.05371
-0.04395
  0.5615
-0.04395
-0.06348
-0.05371
-0.07324
-0.06348
-0.06348
-0.05371
-0.05371
-0.05371
-0.05371
-0.06348
-0.05371
-0.04395
-0.04395
-0.03418
-0.03418
  0.5225
-0.01465
-0.04395
-0.03418
-0.04395
-0.04395
-0.05371
-0.03418
-0.03418
-0.03418
-0.03418
-0.04395
-0.04395
-0.03418
-0.03418
-0.03418
-0.03418
  0.4932
-0.02441
-0.05371
-0.04395
-0.05371
-0.03418
 -0.1416
-0.02441
-0.04395
-0.03418
-0.04395
-0.03418
-0.03418
-0.03418
-0.03418
-0.03418
-0.05371
-0.05371
-0.03418
-0.02441
-0.004883
-0.004883
 0.004883
-0.09277
 0.01465
-0.004883
 0.01465
 0.02441
 0.02441
 0.02441
 0.02441
 0.02441
 0.02441
 0.004883
-0.004883
-0.02441
-0.02441
-0.02441
-0.01465
-0.01465
 -0.1318
-0.02441
-0.02441
-0.01465
-0.01465
-0.01465
-0.004883
-0.004883
-0.004883
 0.004883
 0.004883
 0.004883
 0.01465
 0.02441
 0.03418
 0.04395
 0.04395
-0.07324
 0.05371
 0.03418
 0.03418
 0.03418
 0.04395
 0.04395
 0.04395
 0.04395
 0.03418
 0.03418
 0.03418
 0.03418
 0.03418
 0.04395
 0.04395
 0.04395
-0.04395
 0.03418
 0.01465
 0.01465
 0.01465
 0.02441
 0.01465
 0.01465
 0.01465
 0.004883
 0.004883
 0.004883
   -0.21
 -0.1709
-0.06348
  0.1514
  0.3662
  0.5518
  0.7568
  0.9326
   1.079
   1.167
   1.157
  0.2979
  0.9521
  0.7471
  0.3076
-0.02441
-0.05371
 0.01465
 0.05371
 0.06348
 0.06348
 0.04395
 0.04395
 0.04395
 0.03418
 0.01465
 0.01465
-0.004883
-0.08301
-0.06348
-0.02441
-0.03418
-0.03418
-0.04395
-0.03418
-0.03418
-0.04395
-0.04395
-0.04395
-0.04395
-0.02441
-0.01465
-0.01465
-0.01465
-0.01465
 -0.5811
-0.04395
-0.02441
-0.01465
-0.01465
-0.02441
-0.004883
-0.01465
-0.01465
-0.01465
-0.01465
-0.004883
-0.004883
 0.004883
 0.004883
 0.01465
 0.01465
  -0.376
-0.02441
-0.004883
 0.004883
 0.004883
-0.004883
 0.01465
-0.004883
-0.004883
-0.004883
-0.01465
 0.004883
 0.004883
 0.004883
 0.004883
 0.004883
 0.004883
 -0.1807
-0.05371
-0.01465
-0.02441
-0.02441
-0.03418
-0.03418
-0.04395
-0.06348
-0.06348
-0.07324
-0.08301
-0.08301
-0.09277
 -0.1025
 -0.1025
 -0.1025
 -0.3662
 -0.1318
 -0.1025
-0.09277
-0.06348
-0.04395
-0.01465
-0.004883
 0.004883
 0.01465
 0.03418
 0.04395
 0.04395
 0.04395
 0.06348
 0.06348
 0.06348
 -0.5127
 0.004883
 0.03418
 0.01465
-0.004883
-0.02441
-0.04395
-0.05371
-0.05371
-0.06348
-0.06348
-0.05371
-0.04395
-0.03418
-0.02441
-0.02441
-0.02441
 -0.3955
-0.05371
-0.01465
-0.004883
-0.01465
-0.01465
-0.01465
-0.01465
-0.004883
-0.01465
-0.01465
-0.004883
-0.004883
 0.01465
 0.01465
 0.004883
 0.004883
 -0.4248
-0.03418
-0.004883
-0.01465
-0.01465
 -0.1221
-0.004883
-0.01465
-0.01465
-0.01465
-0.02441
-0.02441
-0.02441
-0.02441
-0.02441
-0.02441
-0.02441
-0.02441
-0.01465
-0.01465
-0.01465
-0.02441
 -0.1318
-0.01465
-0.02441
-0.02441
-0.03418
-0.02441
-0.03418
-0.03418
-0.03418
-0.04395
-0.04395
-0.03418
-0.03418
-0.02441
-0.03418
-0.02441
-0.03418
-0.07324
-0.02441
-0.04395
-0.02441
-0.03418
-0.04395
-0.04395
-0.04395
-0.05371
-0.05371
-0.04395
-0.05371
-0.04395
-0.04395
-0.04395
-0.03418
-0.03418
  0.1807
-0.02441
-0.05371
-0.04395
-0.04395
-0.04395
-0.05371
-0.05371
-0.05371
-0.06348
-0.05371
-0.05371
-0.05371
-0.04395
-0.05371
   2.456
-0.05371
 -0.1514
-0.03418
-0.05371
-0.04395
-0.05371
-0.05371
-0.05371
-0.04395
-0.05371
-0.05371
-0.05371
-0.05371
-0.03418
-0.04395
-0.04395
-0.03418
-0.04395
-0.09277
-0.02441
-0.05371
-0.04395
-0.04395
-0.05371
-0.05371
-0.04395
-0.05371
-0.04395
-0.04395
-0.04395
-0.04395
-0.03418
-0.03418
-0.03418
-0.03418
  0.2295
-0.02441
-0.03418
-0.02441
-0.03418
-0.03418
-0.04395
-0.03418
-0.03418
-0.02441
-0.02441
-0.03418
-0.02441
-0.02441
-0.01465
-0.02441
-0.02441
  0.5518
-0.02441
-0.03418
-0.03418
-0.03418
-0.03418
-0.04395
-0.04395
-0.04395
-0.04395
-0.04395
-0.03418
-0.03418
-0.04395
-0.04395
-0.04395
-0.04395
  0.5127
-0.03418
-0.05371
-0.03418
-0.04395
-0.02441
-0.03418
-0.01465
-0.01465
-0.01465
-0.01465
 0.004883
 0.01465
 0.01465
 0.01465
 0.01465
 0.01465
  0.6201
-0.004883
-0.03418
-0.03418
-0.04395
-0.03418
-0.05371
-0.05371
-0.04395
-0.04395
-0.03418
-0.02441
-0.02441
-0.004883
-0.004883
-0.004883
-0.004883
  0.5225
 0.02441
 0.004883
 0.01465
 0.004883
 0.01465
 0.004883
 0.01465
 0.02441
 0.02441
 0.01465
 0.02441
 0.02441
 0.02441
 0.02441
 0.02441
 0.02441
  0.5518
 0.03418
 0.01465
 0.02441
 0.01465
 0.004883
 0.004883
 0.004883
 0.004883
 0.004883
 0.004883
 0.004883
-0.004883
 0.004883
 0.004883
-0.004883
 0.004883
  0.4736
 0.004883
-0.01465
-0.01465
-0.02441
-0.02441
-0.02441
-0.02441
-0.02441
-0.02441
-0.02441
-0.02441
-0.03418
-0.03418
-0.03418
-0.03418
-0.03418
  0.5518
-0.02441
-0.04395
-0.05371
-0.04395
-0.04395
-0.05371
-0.05371
-0.04395
-0.04395
-0.04395
-0.04395
-0.04395
-0.05371
-0.04395
-0.04395
-0.04395
  0.4639
-0.04395
-0.06348
-0.05371
-0.05371
-0.06348
-0.06348
-0.05371
-0.05371
-0.06348
-0.05371
-0.06348
-0.06348
-0.05371
-0.05371
-0.05371
-0.05371
  0.5518
-0.05371
-0.07324
-0.06348
-0.07324
-0.07324
-0.07324
-0.06348
-0.06348
-0.06348
-0.06348
-0.07324
-0.07324
-0.06348
-0.06348
-0.05371
-0.05371
  0.4932
-0.05371
-0.07324
-0.06348
-0.08301
-0.07324
-0.07324
-0.06348
-0.07324
-0.06348
-0.06348
-0.07324
-0.07324
-0.06348
-0.06348
-0.05371
-0.05371
  0.5518
-0.04395
-0.07324
-0.06348
-0.06348
-0.06348
-0.05371
-0.04395
-0.06348
-0.05371
-0.06348
-0.06348
-0.06348
-0.06348
-0.06348
-0.05371
-0.05371
  0.5322
-0.05371
-0.08301
-0.07324
-0.07324
-0.07324
-0.06348
-0.06348
-0.06348
-0.06348
-0.06348
-0.07324
-0.06348
-0.07324
-0.06348
-0.06348
-0.06348
  0.4346
-0.06348
-0.09277
-0.07324
-0.09277
-0.09277
-0.09277
-0.08301
-0.08301
-0.07324
-0.07324
-0.06348
-0.05371
-0.05371
-0.03418
-0.03418
-0.02441
-0.004883
-0.05371
-0.04395
-0.01465
-0.01465
-0.01465
-0.03418
-0.04395
-0.06348
-0.05371
-0.07324
-0.08301
-0.08301
-0.07324
-0.05371
-0.05371
-0.05371
-0.03418
 -0.3955
-0.06348
-0.03418
-0.03418
-0.02441
-0.03418
-0.02441
-0.02441
-0.02441
-0.02441
-0.03418
-0.02441
-0.01465
-0.01465
-0.004883
-0.01465
-0.004883
 -0.5029
-0.03418
-0.01465
-0.02441
-0.01465
-0.02441
-0.01465
-0.02441
-0.01465
-0.02441
-0.03418
-0.03418
-0.03418
-0.02441
-0.02441
-0.02441
-0.01465
 -0.4834
-0.05371
-0.03418
-0.05371
-0.03418
-0.04395
-0.03418
-0.04395
-0.05371
-0.05371
-0.05371
-0.05371
-0.05371
-0.05371
-0.04395
-0.05371
-0.04395
 -0.7373
-0.08301
-0.06348
-0.07324
-0.06348
-0.07324
-0.06348
-0.06348
-0.08301
-0.07324
-0.08301
-0.08301
-0.06348
-0.06348
-0.06348
-0.05371
-0.06348
 -0.5811
-0.08301
-0.07324
-0.07324
-0.06348
-0.06348
-0.06348
-0.06348
-0.06348
-0.06348
-0.07324
-0.06348
-0.05371
-0.04395
-0.04395
-0.04395
-0.05371
 -0.7275
-0.07324
-0.05371
-0.05371
-0.05371
-0.06348
-0.04395
-0.05371
-0.05371
-0.05371
-0.06348
-0.06348
-0.05371
-0.04395
-0.04395
-0.05371
-0.05371
 -0.5615
-0.08301
-0.07324
-0.06348
-0.06348
-0.07324
-0.06348
-0.07324
-0.07324
-0.07324
-0.09277
-0.07324
-0.08301
-0.07324
-0.06348
-0.06348
-0.07324
 -0.6201
-0.09277
-0.07324
-0.07324
-0.07324
-0.07324
-0.07324
-0.07324
-0.07324
-0.08301
-0.08301
-0.07324
-0.06348
-0.06348
-0.05371
-0.06348
-0.05371
 -0.6787
-0.09277
-0.06348
-0.06348
-0.06348
-0.06348
-0.06348
-0.06348
-0.06348
-0.06348
-0.06348
-0.05371
-0.05371
-0.04395
-0.03418
-0.05371
-0.04395
 -0.5908
-0.08301
-0.04395
-0.05371
-0.05371
-0.05371
-0.05371
-0.05371
-0.05371
-0.06348
-0.06348
-0.06348
-0.05371
-0.04395
-0.04395
-0.03418
-0.03418
 -0.6201
-0.04395
-0.01465
-0.02441
-0.01465
 0.004883
 0.004883
 0.004883
 0.004883
 0.004883
 0.004883
-0.01465
-0.01465
-0.02441
-0.01465
-0.02441
-0.02441
 -0.6592
-0.06348
-0.02441
-0.02441
-0.01465
-0.01465
-0.004883
-0.004883
 0.004883
 0.004883
 0.01465
 0.02441
 0.03418
 0.04395
 0.03418
 0.03418
 0.03418
 -0.2979
 0.004883
 0.03418
 0.02441
 0.03418
 0.02441
 0.02441
 0.01465
 0.01465
 0.01465
 0.01465
 0.01465
 0.02441
 0.02441
 0.01465
 0.004883
 0.004883
 -0.6885
-0.02441
-0.004883
-0.01465
-0.004883
-0.01465
-0.004883
-0.004883
-0.01465
-0.01465
-0.004883
-0.01465
-0.004883
-0.004883
-0.004883
-0.01465
-0.01465
 -0.5322
-0.04395
-0.05371
 -0.1221
 -0.1904
 -0.2295
 -0.1807
-0.05371
  0.1514
  0.3369
  0.5127
  0.6982
   0.874
   1.011
   1.089
   1.079
   1.011
  0.9033
  0.7373
  0.3467
-0.02441
-0.08301
-0.01465
 0.04395
 0.05371
 0.05371
 0.04395
 0.03418
 0.02441
 0.02441
 0.01465
 0.004883
-0.004883
  0.3076
-0.02441
-0.04395
-0.03418
-0.02441
-0.03418
-0.03418
-0.03418
-0.04395
-0.03418
-0.04395
-0.03418
-0.03418
-0.03418
-0.01465
-0.02441
-0.02441
-0.02441
-0.08301
-0.05371
-0.03418
-0.02441
-0.03418
-0.03418
-0.02441
-0.03418
-0.02441
-0.02441
-0.02441
-0.01465
-0.01465
-0.02441
-0.01465
-0.01465
-0.004883
-0.004883
-0.004883
-0.004883
-0.004883
-0.01465
-0.004883
-0.01465
-0.02441
-0.004883
-0.004883
-0.01465
-0.004883
-0.01465
-0.01465
-0.02441
-0.02441
-0.03418
-0.02441
-0.02441
-0.02441
-0.03418
-0.05371
-0.04395
-0.06348
-0.07324
-0.06348
-0.07324
-0.08301
-0.08301
 -0.1025
 -0.1025
 -0.1123
 -0.1123
 -0.1123
 -0.1123
 -0.1025
-0.09277
-0.08301
-0.08301
-0.07324
-0.04395
-0.02441
-0.004883
 0.004883
 0.01465
 0.03418
 0.03418
 0.03418
 0.01465
 0.01465
 0.02441
 0.03418
 0.02441
 0.01465
 0.004883
 0.004883
-0.004883
-0.03418
-0.04395
-0.05371
-0.06348
-0.07324
-0.06348
-0.08301
-0.07324
-0.07324
-0.07324
-0.06348
-0.05371
-0.05371
-0.04395
-0.04395
-0.04395
-0.04395
-0.04395
-0.04395
-0.03418
-0.03418
-0.03418
-0.02441
-0.03418
-0.07324
-0.07324
-0.07324
-0.06348
-0.07324
-0.07324
-0.08301
-0.08301
-0.08301
-0.08301
-0.08301
-0.08301
-0.08301
-0.09277
-0.09277
 -0.1025
-0.09277
-0.09277
-0.09277
-0.09277
-0.09277
 -0.1025
 -0.1025
 -0.1025
 -0.1025
 -0.1025
-0.09277
-0.09277
-0.09277
-0.09277
 -0.1025
 -0.1025
 -0.1025
 -0.1025
-0.09277
-0.09277
 -0.1025
-0.09277
 -0.1025
 -0.1025
 -0.1025
 -0.1123
 -0.1025
 -0.1025
 -0.1025
 -0.1025
 -0.1123
 -0.1123
 -0.1123
 -0.1123
 -0.1123
 -0.1025
 -0.1025
 -0.1025
 -0.1025
 -0.1123
 -0.1221
 -0.1123
 -0.1025
-0.09277
 -0.1123
 -0.1123
 -0.1123
 -0.1123
 -0.1123
 -0.1025
 -0.1025
 -0.1025
 -0.1025
 -0.1123
 -0.1123
 -0.1123
 -0.1123
 -0.1025
 -0.1123
 -0.1025
 -0.1025
 -0.1123
 -0.1123
 -0.1123
 -0.1123
 -0.1025
 -0.1025
 -0.1025
-0.09277
 -0.1025
 -0.1025
 -0.1025
 -0.1025
 -0.1025
 -0.1025
 -0.1025
 -0.1025
-0.09277
 -0.1025
 -0.1025
 -0.1025
 -0.1025
 -0.1025
 -0.1025
-0.09277
 -0.1025
-0.09277
 -0.1025
 -0.1025
 -0.1123
 -0.1025
-0.09277
 -0.1025
-0.09277
 -0.1025
 -0.1123
 -0.1025
 -0.1025
 -0.1025
 -0.1025
-0.09277
-0.08301
-0.08301
-0.08301
-0.08301
-0.08301
-0.05371
-0.05371
-0.06348
-0.07324
-0.06348
-0.07324
-0.09277
-0.09277
 -0.1123
 -0.1318
 -0.1221
 -0.1318
 -0.1416
 -0.1416
 -0.1318
 -0.1318
 -0.1221
 -0.1123
 -0.1123
 -0.1025
 -0.1025
 -0.1025
 -0.1318
 -0.1807
  -0.249
 -0.2686
 -0.2295
-0.05371
  0.1904
  0.4346
  0.6299
  0.8252
  0.9912
   1.138
   1.206
   1.177
   1.099
  0.9912
  0.8057
  0.3955
-0.004883
-0.07324
-0.01465
 0.03418
 0.05371
 0.03418
 0.02441
 0.004883
-0.01465
-0.01465
-0.03418
-0.04395
-0.04395
-0.06348
-0.07324
-0.06348
-0.08301
-0.08301
-0.08301
-0.07324
-0.08301
-0.08301
-0.09277
-0.09277
-0.09277
-0.09277
-0.09277
-0.09277
-0.09277
-0.09277
 -0.1025
 -0.1025
 -0.1025
 -0.1025
-0.09277
 -0.1025
 -0.1025
-0.09277
-0.09277
 -0.1025
 -0.1025
 -0.1025
 -0.1123
 -0.1025
-0.09277
 -0.1025
-0.09277
-0.09277
 -0.1025
 -0.1025
 -0.1025
-0.09277
-0.09277
-0.09277
-0.08301
-0.08301
-0.09277
-0.09277
 -0.1123
 -0.1221
 -0.1221
 -0.1416
 -0.1416
 -0.1514
 -0.1611
 -0.1709
 -0.1709
 -0.1709
 -0.1709
 -0.1709
 -0.1611
 -0.1514
 -0.1416
 -0.1221
 -0.1025
-0.09277
-0.07324
-0.07324
-0.07324
-0.06348
-0.07324
-0.08301
-0.08301
-0.09277
 -0.1025
 -0.1123
 -0.1318
 -0.1416
 -0.1416
 -0.1611
 -0.1514
 -0.1709
 -0.1709
 -0.1709
 -0.1709
 -0.1807
 -0.1904
 -0.1807
 -0.1807
 -0.1709
 -0.1807
 -0.1709
 -0.1709
 -0.1807
 -0.1807
 -0.1807
 -0.1807
 -0.1709
 -0.1709
 -0.1709
 -0.1709
 -0.1807
 -0.1807
 -0.1807
 -0.1807
 -0.1709
 -0.1709
 -0.1709
 -0.1611
 -0.1611
 -0.1709
 -0.1611
 -0.1611
 -0.1611
 -0.1514
 -0.1416
 -0.1318
 -0.1221
 -0.1318
 -0.1123
 -0.1025
 -0.1025
 -0.1123
 -0.1123
-0.09277
-0.08301
-0.08301
-0.09277
-0.09277
 -0.1221
 -0.1123
 -0.1123
 -0.1221
 -0.1123
 -0.1025
 -0.1123
-0.09277
-0.09277
-0.09277
-0.08301
-0.09277
-0.09277
-0.09277
-0.09277
-0.09277
-0.07324
-0.08301
-0.07324
-0.07324
-0.08301
-0.07324
-0.08301
-0.08301
-0.07324
-0.08301
-0.08301
-0.08301
-0.09277
-0.08301
-0.08301
-0.09277
-0.09277
-0.08301
-0.08301
-0.08301
-0.08301
 -0.1025
 -0.1416
 -0.2002
 -0.2686
 -0.2783
  -0.249
-0.08301
  0.1416
   0.376
  0.5713
  0.7861
  0.9424
   1.089
   1.157
   1.099
   1.011
  0.8936
  0.6885
  0.2393
 -0.1025
 -0.1318
-0.07324
-0.03418
-0.01465
-0.02441
-0.04395
-0.06348
-0.07324
-0.09277
-0.09277
 -0.1123
 -0.1123
 -0.1221
 -0.1318
 -0.1318
 -0.1318
 -0.1416
 -0.1416
 -0.1416
 -0.1416
 -0.1416
 -0.1416
 -0.1416
 -0.1514
 -0.1318
 -0.1318
 -0.1221
 -0.1318
 -0.1318
 -0.1221
 -0.1221
 -0.1221
 -0.1123
 -0.1123
 -0.1123
 -0.1025
 -0.1123
 -0.1123
 -0.1123
 -0.1025
 -0.1025
 -0.1025
-0.09277
-0.09277
 -0.1025
-0.09277
-0.09277
 -0.1025
-0.09277
-0.08301
-0.09277
-0.08301
-0.09277
 -0.1025
 -0.1025
 -0.1123
 -0.1221
 -0.1221
 -0.1318
 -0.1416
 -0.1416
 -0.1514
 -0.1611
 -0.1611
 -0.1709
 -0.1416
 -0.1416
 -0.1318
 -0.1123
 -0.1025
-0.09277
-0.07324
-0.07324
-0.07324
-0.06348
-0.07324
-0.07324
-0.09277
 -0.1025
 -0.1221
 -0.1416
 -0.1514
 -0.1514
 -0.1611
 -0.1709
 -0.1807
 -0.1807
 -0.1904
 -0.1904
 -0.2002
   -0.21
 -0.2002
 -0.1904
 -0.1807
 -0.1709
 -0.1709
 -0.1611
 -0.1514
 -0.1611
 -0.1514
 -0.1514
 -0.1416
 -0.1123
 -0.1221
 -0.1318
 -0.1807
 -0.1709
 -0.1611
 -0.1611
 -0.1514
 -0.1611
 -0.1514
 -0.1514
 -0.1416
 -0.1416
 -0.1318
 -0.1318
 -0.1318
 -0.1318
 -0.1318
 -0.1221
 -0.1221
 -0.1221
 -0.1221
 -0.1123
 -0.1123
 -0.1123
 -0.1123
 -0.1221
 -0.1123
 -0.1123
 -0.1123
 -0.1025
 -0.1025
 -0.1123
 -0.1123
 -0.1123
 -0.1123
 -0.1025
 -0.1123
 -0.1123
 -0.1025
 -0.1123
 -0.1123
 -0.1123
 -0.1123
 -0.1123
 -0.1123
 -0.1123
 -0.1123
 -0.1123
 -0.1221
 -0.1221
 -0.1318
 -0.1221
 -0.1123
 -0.1221
 -0.1514
   -0.21
 -0.2881
 -0.3076
  -0.249
-0.07324
 0.06348
 -0.1514
 -0.1123
-0.06348
-0.03418
-0.02441
-0.04395
-0.05371
-0.06348
-0.07324
-0.08301
 -0.1025
 -0.1025
 -0.1123
 -0.1123
 -0.1123
 -0.1221
 -0.1221
 -0.1221
 -0.1318
 -0.1318
 -0.1318
 -0.1318
 -0.1221
 -0.1221
 -0.1221
 -0.1221
 -0.1318
 -0.1318
 -0.1318
 -0.1318
 -0.1221
 -0.1318
 -0.1221
 -0.1123
 -0.1221
 -0.1221
 -0.1221
 -0.1221
 -0.1123
 -0.1221
 -0.1123
 -0.1123
 -0.1123
 -0.1123
 -0.1123
 -0.1123
 -0.1123
-0.09277
-0.09277
-0.09277
-0.08301
-0.09277
-0.08301
-0.08301
-0.08301
-0.08301
-0.08301
 -0.1221
 -0.1318
 -0.1318
 -0.1416
 -0.1416
 -0.1416
 -0.1318
 -0.1318
 -0.1318
 -0.1221
 -0.1025
-0.09277
-0.07324
-0.06348
-0.05371
-0.04395
-0.04395
-0.04395
-0.05371
-0.07324
-0.08301
-0.08301
-0.08301
-0.09277
-0.09277
 -0.1025
 -0.1025
 -0.1025
 -0.1025
 -0.1025
 -0.1025
 -0.1025
-0.08301
-0.08301
-0.09277
 -0.1025
-0.09277
-0.09277
 -0.1025
 -0.1123
 -0.1318
 -0.1416
 -0.1514
 -0.1514
 -0.1514
 -0.1514
 -0.1318
 -0.1318
 -0.1318
 -0.1221
 -0.1221
 -0.1123
 -0.1123
 -0.1025
 -0.1025
-0.09277
-0.09277
-0.08301
-0.07324
-0.07324
-0.06348
-0.06348
-0.06348
-0.06348
-0.07324
-0.07324
-0.07324
-0.07324
-0.07324
-0.07324
-0.07324
-0.07324
-0.08301
-0.07324
-0.08301
-0.08301
-0.08301
-0.08301
-0.08301
-0.08301
-0.08301
-0.09277
-0.09277
-0.09277
-0.09277
-0.09277
-0.09277
-0.09277
-0.09277
 -0.1025
-0.09277
-0.09277
 -0.1025
-0.09277
-0.09277
-0.09277
-0.08301
-0.08301
 -0.1025
 -0.1025
 -0.1025
 -0.1025
-0.09277
-0.09277
-0.09277
-0.08301
 -0.1025
-0.09277
-0.09277
 -0.1025
-0.09277
 -0.1025
-0.09277
-0.09277
-0.09277
 -0.1025
 -0.1025
 -0.1123
 -0.1025
 -0.1123
 -0.1221
 -0.1221
 -0.1221
 -0.1221
 -0.1123
 -0.1123
 -0.1123
 -0.1123
 -0.1221
 -0.1221
 -0.1221
 -0.1221
 -0.1123
 -0.1123
 -0.1123
 -0.1025
-0.09277
 -0.1025
 -0.1025
 -0.1025
 -0.1025
-0.09277
-0.09277
-0.09277
-0.08301
-0.09277
-0.09277
-0.08301
-0.09277
-0.08301
-0.08301
-0.07324
-0.08301
-0.08301
-0.08301
-0.08301
-0.08301
-0.08301
-0.07324
-0.07324
-0.07324
-0.06348
-0.07324
-0.06348
-0.06348
-0.07324
-0.06348
-0.06348
-0.06348
-0.05371
-0.06348
-0.05371
-0.06348
-0.06348
-0.05371
-0.04395
-0.05371
-0.05371
-0.05371
-0.06348
-0.05371
-0.06348
-0.05371
-0.05371
-0.04395
-0.04395
-0.03418
-0.03418
-0.02441
-0.01465
-0.02441
-0.01465
-0.004883
 0.004883
-0.004883
-0.004883
-0.004883
 0.004883
-0.01465
-0.03418
-0.04395
-0.05371
-0.05371
-0.06348
-0.06348
-0.07324
-0.05371
-0.05371
-0.03418
-0.03418
-0.03418
-0.03418
-0.03418
-0.02441
-0.01465
-0.01465
-0.01465
-0.004883
-0.004883
-0.004883
-0.004883
-0.004883
 0.004883
 0.004883
 0.004883
 0.004883
 0.01465
 0.004883
 0.004883
 0.004883
 0.004883
 0.004883
-0.004883
 0.004883
-0.004883
-0.004883
 0.004883
 0.004883
-0.004883
-0.004883
-0.004883
-0.004883
-0.01465
-0.01465
-0.01465
-0.01465
-0.01465
-0.03418
-0.09277
 -0.1709
 -0.2295
 -0.2295
 -0.1221
  0.1221
  0.3857
  0.6104
   0.835
  0.9912
   1.128
   1.206
   1.177
   1.099
   1.001
  0.8643
  0.4834
 0.07324
-0.07324
-0.01465
 0.03418
 0.05371
 0.05371
 0.03418
 0.02441
 0.004883
-0.01465
-0.01465
-0.03418
-0.04395
-0.03418
-0.04395
-0.05371
-0.05371
-0.05371
-0.06348
-0.06348
-0.06348
-0.06348
-0.06348
-0.05371
-0.06348
-0.06348
-0.06348
-0.06348
-0.06348
-0.06348
-0.05371
-0.05371
-0.05371
-0.04395
-0.05371
-0.04395
-0.04395
-0.05371
-0.04395
-0.03418
-0.03418
-0.03418
-0.02441
-0.03418
-0.02441
-0.02441
-0.03418
-0.02441
-0.01465
-0.004883
-0.004883
-0.01465
-0.004883
-0.004883
-0.004883
-0.004883
-0.004883
-0.01465
-0.01465
-0.02441
-0.02441
-0.02441
-0.03418
-0.03418
-0.04395
-0.05371
-0.05371
-0.06348
-0.06348
-0.06348
-0.05371
-0.03418
-0.01465
 0.004883
 0.01465
 0.03418
 0.05371
 0.07324
 0.07324
 0.07324
 0.09277
  0.1025
  0.1025
-0.04395
-0.04395
-0.05371
-0.04395
-0.04395
-0.04395
-0.04395
-0.04395
-0.04395
-0.03418
-0.03418
-0.03418
-0.03418
-0.03418
-0.03418
-0.03418
-0.04395
-0.03418
-0.02441
-0.02441
-0.01465
-0.02441
-0.02441
-0.02441
-0.02441
-0.02441
-0.02441
-0.02441
-0.02441
-0.02441
-0.03418
-0.03418
-0.03418
-0.03418
-0.02441
-0.03418
-0.03418
-0.03418
-0.04395
-0.04395
-0.04395
-0.04395
-0.04395
-0.04395
-0.04395
-0.04395
-0.05371
-0.05371
-0.06348
-0.05371
-0.06348
-0.05371
-0.05371
-0.05371
-0.05371
-0.06348
-0.06348
-0.06348
-0.06348
-0.05371
-0.06348
-0.06348
-0.05371
-0.06348
-0.05371
-0.06348
-0.06348
-0.06348
-0.06348
-0.06348
-0.06348
-0.06348
-0.07324
-0.06348
-0.07324
-0.07324
-0.06348
-0.06348
-0.06348
-0.06348
-0.06348
-0.07324
-0.07324
-0.06348
-0.06348
-0.05371
-0.05371
-0.05371
-0.06348
-0.06348
-0.04395
-0.05371
-0.05371
-0.05371
-0.05371
-0.05371
-0.05371
-0.06348
-0.05371
-0.06348
-0.05371
-0.05371
-0.05371
-0.07324
-0.07324
-0.07324
-0.07324
-0.07324
-0.07324
-0.07324
-0.08301
-0.09277
-0.08301
-0.08301
-0.09277
-0.08301
-0.08301
-0.08301
-0.08301
-0.08301
-0.08301
-0.08301
-0.08301
-0.08301
-0.08301
-0.08301
-0.08301
-0.08301
-0.09277
-0.09277
-0.09277
-0.09277
-0.08301
-0.08301
-0.09277
-0.09277
-0.09277
-0.09277
-0.09277
-0.07324
-0.07324
-0.07324
-0.08301
-0.07324
-0.08301
-0.08301
-0.07324
-0.08301
-0.08301
-0.07324
-0.07324
-0.06348
-0.05371
-0.05371
-0.03418
-0.02441
-0.03418
-0.04395
-0.02441
-0.004883
-0.01465
-0.01465
-0.03418
-0.01465
-0.03418
-0.04395
-0.05371
-0.07324
-0.08301
-0.08301
-0.08301
-0.08301
-0.08301
-0.07324
-0.06348
-0.06348
-0.05371
-0.05371
-0.04395
-0.04395
-0.03418
-0.03418
-0.02441
-0.02441
-0.02441
-0.02441
-0.01465
-0.02441
-0.01465
-0.01465
-0.01465
-0.01465
-0.01465
-0.01465
-0.01465
-0.01465
-0.01465
-0.02441
-0.03418
-0.04395
-0.04395
-0.04395
-0.03418
-0.04395
-0.04395
-0.04395
-0.05371
-0.05371
-0.05371
-0.06348
-0.05371
-0.05371
-0.06348
-0.05371
-0.06348
-0.06348
-0.07324
-0.07324
-0.06348
-0.06348
-0.06348
-0.06348
-0.06348
-0.07324
-0.06348
-0.07324
-0.07324
-0.06348
-0.07324
-0.07324
-0.06348
-0.07324
-0.07324
-0.07324
-0.07324
-0.08301
-0.07324
-0.07324
-0.07324
-0.07324
-0.07324
-0.07324
-0.07324
-0.08301
-0.07324
-0.07324
-0.07324
-0.07324
-0.07324
-0.07324
-0.07324
-0.07324
-0.07324
-0.07324
-0.06348
-0.07324
-0.08301
-0.08301
-0.07324
-0.07324
-0.07324
-0.06348
-0.07324
-0.08301
-0.07324
-0.07324
-0.06348
-0.06348
-0.05371
-0.05371
-0.06348
-0.06348
-0.06348
-0.05371
-0.05371
-0.04395
-0.04395
-0.05371
-0.04395
-0.05371
-0.05371
-0.05371
-0.05371
-0.05371
-0.05371
-0.05371
-0.04395
-0.05371
-0.06348
-0.06348
-0.05371
-0.05371
-0.05371
-0.06348
-0.06348
-0.05371
-0.06348
-0.05371
-0.06348
-0.06348
-0.06348
-0.07324
-0.07324
-0.06348
-0.05371
-0.05371
-0.04395
-0.02441
-0.01465
-0.02441
-0.03418
-0.02441
-0.004883
 0.004883
 0.004883
-0.004883
-0.004883
 0.004883
-0.02441
-0.03418
-0.05371
-0.05371
-0.05371
-0.06348
-0.05371
-0.05371
-0.05371
-0.05371
-0.05371
-0.05371
-0.04395
-0.02441
-0.02441
-0.02441
-0.01465
-0.02441
-0.01465
-0.01465
-0.01465
-0.01465
-0.004883
-0.004883
-0.004883
 0.004883
-0.004883
-0.004883
-0.004883
-0.004883
-0.01465
-0.02441
-0.02441
-0.02441
-0.03418
-0.05371
 -0.1123
 -0.1904
 -0.2295
 -0.2295
 -0.1318
 0.08301
  0.3271
  0.5225
  0.7373
  0.9229
    1.04
   1.128
   1.099
   1.021
  0.9424
  0.8057
  0.4346
 0.02441
-0.08301
-0.02441
 0.01465
 0.04395
 0.03418
 0.02441
 0.01465
 0.004883
-0.004883
-0.01465
-0.02441
-0.04395
-0.04395
-0.05371
-0.06348
-0.05371
-0.05371
-0.05371
-0.05371
-0.06348
-0.06348
-0.06348
-0.06348
-0.05371
-0.05371
-0.06348
-0.05371
-0.05371
-0.05371
-0.05371
-0.05371
-0.05371
-0.05371
-0.04395
-0.04395
-0.04395
-0.04395
-0.04395
-0.04395
-0.05371
-0.03418
-0.04395
-0.03418
-0.03418
-0.04395
-0.03418
-0.04395
-0.04395
-0.03418
-0.03418
-0.03418
-0.02441
-0.03418
-0.03418
-0.03418
-0.03418
-0.03418
-0.03418
-0.03418
-0.03418
-0.03418
-0.04395
-0.03418
-0.03418
-0.04395
-0.04395
-0.04395
-0.04395
-0.04395
-0.04395
-0.05371
-0.06348
-0.06348
-0.07324
-0.06348
-0.06348
-0.06348
-0.07324
-0.07324
-0.07324
 0.02441
 0.01465
 0.01465
-0.004883
-0.004883
-0.02441
-0.03418
-0.04395
-0.04395
-0.05371
-0.04395
-0.05371
-0.05371
-0.05371
-0.05371
-0.05371
-0.05371
-0.05371
-0.06348
-0.04395
-0.03418
-0.04395
-0.06348
-0.05371
-0.04395
-0.06348
-0.07324
-0.09277
 -0.1025
 -0.1123
 -0.1025
 -0.1025
 -0.1123
-0.09277
-0.09277
-0.09277
-0.08301
-0.09277
-0.08301
-0.08301
-0.08301
-0.08301
-0.07324
-0.07324
-0.06348
-0.06348
-0.07324
-0.07324
-0.07324
-0.07324
-0.05371
-0.05371
-0.05371
-0.05371
-0.06348
-0.06348
-0.06348
-0.06348
-0.07324
-0.07324
-0.07324
-0.07324
-0.07324
-0.07324
-0.06348
-0.07324
-0.07324
-0.06348
-0.07324
-0.07324
-0.07324
-0.08301
-0.07324
-0.07324
-0.08301
-0.08301
-0.09277
-0.09277
 -0.1025
 -0.1123
 -0.1123
 -0.1123
 -0.1025
 -0.1123
 -0.1123
 -0.1221
 -0.1221
 -0.1221
 -0.1221
 -0.1221
 -0.1221
 -0.1221
 -0.1123
 -0.1221
 -0.1221
 -0.1221
 -0.1221
 -0.1221
 -0.1221
 -0.1123
 -0.1123
 -0.1123
 -0.1221
 -0.1221
 -0.1221
 -0.1318
 -0.1123
 -0.1123
 -0.1123
 -0.1123
 -0.1221
 -0.1221
 -0.1221
 -0.1221
 -0.1123
 -0.1123
 -0.1123
 -0.1123
 -0.1221
 -0.1221
 -0.1221
 -0.1123
 -0.1123
 -0.1221
 -0.1221
 -0.1221
 -0.1221
 -0.1318
 -0.1221
 -0.1221
 -0.1221
 -0.1123
 -0.1221
 -0.1123
 -0.1221
 -0.1221
 -0.1221
 -0.1123
 -0.1123
 -0.1123
 -0.1123
 -0.1123
 -0.1221
 -0.1221
 -0.1221
 -0.1123
 -0.1123
 -0.1123
 -0.1123
 -0.1123
 -0.1123
 -0.1123
 -0.1221
 -0.1221
 -0.1123
 -0.1123
 -0.1123
 -0.1123
 -0.1318
 -0.1221
 -0.1318
 -0.1318
 -0.1221
 -0.1221
 -0.1318
 -0.1221
 -0.1318
 -0.1318
 -0.1318
 -0.1416
 -0.1318
 -0.1318
 -0.1318
 -0.1318
 -0.1221
 -0.1123
-0.09277
-0.08301
-0.09277
-0.09277
-0.08301
-0.06348
-0.06348
-0.07324
-0.07324
-0.07324
-0.08301
-0.09277
 -0.1025
 -0.1221
 -0.1221
 -0.1318
 -0.1318
 -0.1318
 -0.1318
 -0.1221
 -0.1221
 -0.1221
 -0.1123
 -0.1123
 -0.1123
-0.09277
-0.09277
-0.09277
-0.08301
-0.09277
-0.08301
-0.08301
-0.08301
-0.06348
-0.06348
-0.07324
-0.07324
-0.08301
-0.08301
-0.07324
-0.08301
-0.08301
-0.08301
-0.09277
-0.09277
-0.09277
 -0.1025
 -0.1025
 -0.1025
 -0.1025
 -0.1025
 -0.1123
 -0.1123
 -0.1221
 -0.1709
 -0.2393
 -0.2979
 -0.3369
 -0.2881
 -0.1025
  0.1416
  0.3955
  0.6006
  0.8154
  0.9619
   1.079
   1.108
    1.03
  0.9326
   0.835
  0.5713
  0.1221
 -0.1514
 -0.1416
-0.07324
-0.04395
-0.03418
-0.05371
-0.06348
-0.08301
-0.09277
-0.09277
 -0.1025
 -0.1025
 -0.1025
 -0.1221
 -0.1221
 -0.1221
 -0.1221
 -0.1123
 -0.1123
 -0.1025
 -0.1025
 -0.1025
 -0.1025
 -0.1123
 -0.1025
 -0.1123
 -0.1025
 -0.1025
 -0.1123
 -0.1025
 -0.1123
 -0.1123
 -0.1123
 -0.1123
 -0.1025
 -0.1025
 -0.1025
-0.09277
-0.09277
 -0.1025
 -0.1025
 -0.1025
 -0.1025
-0.09277
-0.09277
-0.08301
-0.07324
-0.08301
-0.07324
-0.07324
-0.07324
-0.06348
-0.06348
-0.06348
-0.05371
-0.05371
-0.05371
-0.05371
-0.05371
-0.05371
-0.04395
-0.03418
-0.03418
-0.03418
-0.04395
-0.08301
-0.08301
-0.09277
-0.08301
-0.09277
-0.08301
-0.07324
-0.06348
-0.04395
-0.03418
-0.02441
-0.01465
-0.01465
-0.01465
-0.01465
-0.03418
-0.04395
-0.04395
-0.05371
-0.06348
-0.06348
-0.07324
-0.07324
-0.07324
-0.08301
-0.06348
-0.08301
-0.08301
-0.08301
-0.07324
-0.06348
-0.06348
-0.09277
-0.07324
-0.05371
 -0.1025
 -0.1025
 -0.1025
-0.09277
-0.08301
-0.08301
-0.08301
-0.08301
-0.08301
-0.08301
-0.09277
-0.09277
-0.08301
-0.09277
-0.08301
-0.07324
-0.07324
-0.08301
-0.08301
-0.08301
-0.08301
-0.07324
-0.07324
-0.08301
-0.07324
-0.08301
-0.08301
-0.08301
-0.09277
-0.08301
-0.08301
-0.08301
-0.07324
-0.08301
-0.08301
-0.08301
-0.08301
-0.09277
-0.08301
-0.08301
-0.08301
-0.08301
-0.09277
-0.09277
 -0.1025
 -0.1025
 -0.1025
 -0.1025
 -0.1025
 -0.1025
 -0.1025
 -0.1123
 -0.1123
 -0.1123
 -0.1123
 -0.1025
 -0.1123
 -0.1123
 -0.1221
 -0.1318
 -0.1123
 -0.1221
 -0.1221
 -0.1123
 -0.1221
 -0.1221
 -0.1221
 -0.1221
 -0.1318
 -0.1318
 -0.1221
 -0.1221
 -0.1221
 -0.1318
 -0.1318
 -0.1318
 -0.1318
 -0.1221
 -0.1221
 -0.1221
 -0.1221
 -0.1318
 -0.1318
 -0.1318
 -0.1318
 -0.1318
 -0.1318
 -0.1318
 -0.1318
 -0.1318
 -0.1318
 -0.1318
 -0.1318
 -0.1318
 -0.1221
 -0.1221
 -0.1318
 -0.1221
 -0.1318
 -0.1318
 -0.1318
 -0.1318
 -0.1221
 -0.1318
 -0.1221
 -0.1221
 -0.1221
 -0.1318
 -0.1318
 -0.1318
 -0.1318
 -0.1221
 -0.1318
 -0.1221
 -0.1123
 -0.1318
 -0.1318
 -0.1318
