  -9.255
  -10.56
  -7.755
  -8.555
  -6.955
  -7.755
  -6.855
  -8.655
  -5.255
  -7.355
  -6.355
  -6.355
  -5.955
  -6.155
  -2.855
  -2.455
  -2.855
  -3.955
  0.3446
  0.8446
   1.445
  0.3446
  -1.055
  0.4446
  0.9446
   3.945
   4.945
   5.945
   9.945
   12.74
   12.35
   10.05
   7.145
  -1.255
  -15.06
  -27.75
  -35.45
  -34.26
  -24.45
  -12.15
  -3.355
   1.345
   4.945
   4.745
   3.545
   6.245
   9.245
   6.745
   5.545
   4.845
   5.645
   7.645
   5.745
   4.845
   4.145
   6.145
   7.245
   5.745
   4.945
   4.545
-0.05543
  0.6446
   2.145
   1.745
   3.345
   3.545
   5.045
   5.245
   5.845
   2.445
   4.245
   2.045
   2.545
   3.645
   2.545
   1.845
   4.245
   5.945
   4.545
   4.545
   5.445
   3.145
   2.945
   5.445
   8.745
   9.745
   9.845
   7.545
   7.445
   6.145
   3.145
  0.3446
   1.145
   3.845
   3.445
   4.945
   3.545
   3.345
   3.245
-0.05543
 -0.7554
 -0.4554
  0.3446
   1.945
   2.445
   2.045
   4.145
   1.345
   1.045
   1.145
  0.2446
  -2.355
 -0.9554
  0.9446
 -0.8554
  -3.155
  -5.555
  -4.255
  -1.955
  -1.255
 -0.6554
  -3.555
  -3.655
  -4.055
  -4.655
  -3.855
  -1.455
  -1.055
  -2.955
  -2.755
 -0.6554
  -2.555
  -1.455
 -0.9554
 -0.5554
   1.045
  0.2446
  0.9446
  0.4446
   1.945
   3.245
 -0.3554
  -2.555
  -1.455
  0.5446
  -1.955
  -3.655
  -2.555
 -0.8554
 -0.8554
  -1.155
  -1.355
 -0.4554
  -1.355
 -0.8554
  -1.655
  0.3446
 -0.9554
  -3.055
  -2.055
 -0.4554
 -0.2554
  -1.655
  -1.455
  0.2446
  0.6446
   1.245
   3.045
   3.445
   3.745
   2.345
   1.145
   1.745
  0.8446
   1.645
  -1.855
  -1.155
  0.2446
-0.05543
 -0.1554
   1.645
  0.5446
  0.3446
  0.1446
  0.2446
 0.04457
  -1.555
  -1.855
 -0.8554
  0.2446
  -2.355
  -1.455
   1.045
   4.245
 -0.1554
  -2.055
  -3.555
  -1.455
   1.445
   4.145
   6.545
   6.345
   4.145
  0.6446
  -2.255
  -3.655
 -0.6554
   1.445
   3.045
   7.145
   8.945
   12.65
   12.45
   6.545
   2.245
  0.3446
  -8.455
  -22.36
  -35.35
  -38.26
  -32.76
  -20.66
  -7.655
  0.2446
   4.545
   6.845
   4.845
   6.545
   8.645
   6.945
   6.245
   5.945
   4.445
   4.945
   3.845
   2.845
   3.145
  0.3446
   2.945
   1.645
  -1.255
 -0.4554
 -0.3554
  0.9446
 -0.5554
  0.2446
   2.845
   1.545
  0.4446
  0.9446
   1.445
   1.545
   1.045
   1.945
   2.945
   3.445
   3.645
   1.245
  -1.055
 0.04457
  0.1446
 -0.8554
   1.145
   1.145
   1.345
   2.945
   3.745
   5.345
   3.945
   3.945
   5.245
   3.645
   1.245
   1.745
   1.745
   1.945
  0.9446
   3.545
   2.445
   2.845
   2.345
   1.145
   2.045
  0.3446
   1.845
   2.245
  0.4446
  0.4446
  -1.255
  -4.855
  -6.055
  -5.355
  -4.255
  -4.255
  -4.155
  -3.255
  -4.355
  -4.755
  -3.555
  -1.955
 -0.2554
  -1.955
  -1.655
  -1.155
  -3.155
  -1.755
  -1.455
   1.445
 -0.4554
 -0.9554
  -2.455
  -1.555
   1.845
   5.345
   7.545
   6.545
   6.645
   6.645
   5.445
   2.545
 -0.6554
  0.1446
  0.2446
   1.145
   2.845
   3.645
   3.645
   3.045
   3.145
   3.145
   4.345
   1.845
   2.045
   2.345
   1.945
  0.3446
   3.445
   4.545
   2.545
   5.045
   3.545
   4.745
   4.245
   3.645
   4.345
   9.145
   7.145
   6.745
   6.245
   5.745
   7.245
   6.545
   6.245
   3.845
   3.245
   2.845
   3.445
   2.845
   1.745
   1.845
   2.645
   3.345
   3.945
   6.645
   2.645
   3.445
   4.545
   5.245
   5.545
   5.345
   5.445
   3.645
   2.845
   5.245
   6.645
   5.145
   5.145
   4.945
   5.645
   6.945
   7.045
   7.445
   10.74
   15.65
   16.95
   20.15
   21.84
   20.75
   18.15
   13.65
   3.045
  -11.76
  -24.95
  -28.45
  -24.66
  -11.86
 0.04457
   7.645
   9.845
   8.545
   9.345
   8.945
   6.945
   7.045
   7.445
   9.245
   12.55
   12.74
   12.55
   14.15
   12.85
   10.45
   10.35
   8.445
   7.845
   8.845
   7.645
   7.945
   8.145
   7.845
   10.35
   7.245
   7.045
   8.045
   8.745
   7.445
   12.15
   12.65
   10.85
   11.15
   9.845
   7.345
   5.945
   4.145
   1.145
   2.445
   3.745
   3.045
   2.745
   2.345
   2.245
   3.645
   5.945
   6.145
   8.545
   6.345
   6.845
   10.24
   9.045
   7.345
   7.145
   6.245
   6.345
   7.545
   5.845
   7.445
   9.145
   7.145
   7.545
   8.545
   9.045
   8.445
   8.645
   6.345
   3.945
   4.745
   5.045
   4.245
   3.445
   3.045
   4.045
   4.345
   4.045
   3.245
   4.945
   4.145
   4.045
   3.645
   3.545
   4.845
   5.945
   7.245
   4.545
   5.745
   7.145
   7.645
   6.245
   6.745
   8.945
   9.945
   10.05
   9.745
   9.345
   9.745
   6.745
   5.745
   7.445
   8.645
   6.245
   5.845
   4.845
   4.645
   6.845
   3.445
   3.445
   4.145
   7.145
   5.845
   6.045
   8.045
   6.645
   8.045
   9.245
   10.95
   10.05
   8.145
   7.145
   9.445
   10.05
   10.24
   10.24
   9.245
   7.345
   4.945
   5.245
   3.345
 -0.3554
  0.6446
   3.045
   3.145
   3.445
   2.545
   1.245
   1.645
  -1.355
  0.3446
  -1.355
  0.2446
   3.845
   6.545
   6.445
   6.145
   6.845
   7.345
   6.545
   3.645
   1.945
   2.945
   1.845
   3.545
   3.045
   7.845
   9.845
   12.85
   14.85
   17.45
   20.95
   15.45
   12.85
   4.645
  -8.355
  -19.66
  -24.16
  -24.66
  -17.25
  -5.955
  0.1446
   6.145
   5.145
   4.145
   4.245
   4.345
   4.745
   6.145
   7.445
   5.245
   3.945
   4.145
   4.845
   5.445
   5.645
   7.145
   5.945
   5.345
   6.445
   5.645
   5.545
   3.245
   4.245
   1.545
   2.845
   3.745
   1.545
   3.445
   1.345
   1.445
   1.045
   2.145
   2.945
   3.945
   1.845
  0.8446
 -0.9554
   1.645
  0.8446
 -0.6554
   3.545
   5.145
   5.945
   6.145
   6.845
   7.045
   4.445
   4.445
   1.945
   1.445
   2.945
   4.545
   4.845
   4.945
   3.145
   4.145
   3.145
   3.845
   6.245
   5.045
   4.845
   3.745
   2.245
   1.745
   1.445
   4.045
   4.045
   5.445
   6.045
   5.645
   4.245
   4.245
  0.9446
  0.4446
 -0.8554
 -0.6554
 -0.7554
 -0.8554
 -0.4554
  0.6446
   1.645
   2.545
   3.745
   4.045
   3.345
   5.445
   6.245
   7.945
   7.845
   9.245
   7.345
   6.145
   4.945
   1.945
 -0.1554
   1.545
   1.245
   2.845
  0.9446
  0.9446
   1.245
   2.445
   2.245
   1.245
   1.245
   1.945
   3.745
   2.045
   2.145
   1.245
   3.845
   6.545
   6.245
   6.045
   4.345
   4.345
   4.145
   7.045
   6.745
   4.145
   4.545
   2.645
   3.545
   1.445
  0.8446
  0.1446
   1.445
   1.045
  0.1446
  -3.455
  -1.555
  -4.055
  -5.655
  -6.555
  -4.755
  -3.855
  -3.955
  -2.455
  -4.055
  -6.255
  -7.755
  -7.955
  -8.855
  -7.255
  -6.955
  -5.655
  -5.755
  -5.955
  -6.855
  -5.855
  -3.355
  -2.155
  -2.255
  -3.555
  -4.655
  -3.255
 -0.1554
   2.345
   2.945
   2.445
   5.945
   5.045
   4.045
   2.645
   1.345
  -10.36
  -24.66
  -33.26
  -36.76
  -33.06
  -21.86
  -10.76
  -6.655
  -3.655
 -0.5554
  -3.155
  -3.455
  -3.055
  -1.855
  0.2446
   1.445
 -0.6554
  -1.755
  -1.955
  -1.855
  -2.055
  -1.855
  -2.355
  -3.355
  -3.555
  -3.755
  -4.055
  -4.355
  -4.555
  -5.355
  -4.455
  -6.355
  -4.955
  -5.555
  -3.755
  -2.755
  -2.055
  -4.055
  -4.555
  -8.655
  -9.755
  -14.56
  -11.76
  -9.455
  -8.355
  -9.055
  -9.055
  -6.955
  -6.355
  -6.155
  -8.755
  -7.955
  -7.955
  -6.355
  -7.255
  -6.355
  -5.755
  -5.455
  -4.255
  -6.555
  -6.455
  -5.355
  -5.355
  -3.855
  -4.455
  -5.255
  -5.055
  -4.455
  -7.555
  -7.255
  -5.355
  -3.155
  -3.655
  -6.055
  -7.755
  -7.555
  -8.255
  -7.155
  -5.455
  -6.455
  -7.955
  -8.255
  -5.755
  -5.755
  -5.855
  -4.455
  -1.955
  -5.155
  -6.355
  -7.155
  -6.255
  -5.655
  -5.955
  -7.455
  -4.855
  -3.255
  -3.055
  -4.455
  -6.355
  -5.455
  -6.955
  -5.255
  -3.855
  -2.955
  -3.855
  -4.955
  -5.555
  -4.555
  -4.455
  -3.255
  -2.555
  -3.855
  -4.955
  -3.055
  -5.055
  -4.655
  -2.555
  -3.155
  -3.255
  -4.555
  -3.955
  -3.155
  -4.055
  -6.255
  -7.455
  -5.555
  -4.455
  -3.055
  -3.755
  -3.355
  -5.255
  -4.355
  -3.155
  -2.155
  -2.755
   1.545
   2.145
   1.245
  -1.155
  -3.255
  -5.655
  -6.755
  -6.555
  -7.055
  -5.655
  -5.155
  -3.655
 -0.7554
  -2.055
  -2.655
  -3.955
  -5.055
  -5.755
  -9.655
  -11.96
  -12.46
  -9.755
  -11.06
  -6.855
  -5.155
  -8.255
  -8.255
  -6.755
  -6.055
  -6.355
  -6.055
  -7.055
  -8.855
  -7.855
  -4.855
  0.5446
   2.745
   3.745
   3.645
   6.345
   6.845
   3.945
   2.145
 0.04457
  -10.26
  -26.36
  -36.76
  -40.26
  -35.56
  -24.95
  -15.06
  -8.155
  -6.055
  -4.255
  -4.155
  -3.455
  0.1446
   1.645
-0.05543
  -1.555
  -1.355
  0.2446
 -0.5554
  -2.455
  -4.755
  -1.955
  -3.655
  -2.655
  -2.855
  -2.455
  -3.255
  -5.355
  -3.855
  -2.255
  -5.255
  -5.855
  -5.455
  -5.255
  -3.155
  -3.255
  -4.355
  -6.355
  -4.855
  -4.455
  -3.155
  -3.455
  -4.255
  -3.255
  -4.155
  -5.955
  -6.855
  -6.955
  -5.955
  -4.155
  -5.955
  -3.755
  -6.455
  -8.255
  -9.255
  -11.26
  -11.15
  -11.46
  -7.355
  -6.155
  -4.255
  -2.255
  -1.655
  -4.955
  -4.755
  -4.355
  -4.555
  -3.455
  -4.155
  -2.355
  -3.155
  -2.655
 -0.5554
 -0.8554
  -4.055
  -4.855
  -6.655
  -7.555
  -6.455
  -3.255
 -0.7554
  -1.355
  -1.055
  -2.155
  -2.155
  -4.355
  -9.555
  -13.15
  -12.76
  -8.255
  -5.855
  -5.255
  -6.955
  -7.355
  -5.455
  -6.055
  -6.555
  -6.255
  -6.255
  -7.655
  -6.955
  -5.955
  -4.255
  -3.955
  -2.355
  -6.055
  -3.255
  -1.555
  -4.455
  -5.255
  -4.055
  -4.755
  -4.555
  -3.955
  -5.755
  -5.655
  -4.855
  -5.455
  -4.555
  -1.855
  -2.955
  -3.455
  -4.455
  -3.955
  -3.855
  -4.855
  -4.455
  -4.555
  -5.655
  -2.555
  -3.755
  -3.555
  -3.355
  -2.955
 -0.4554
 -0.3554
   1.445
  0.8446
  -1.155
 -0.6554
   1.145
  0.6446
  -2.155
  -3.955
  -2.955
  -3.855
  -2.755
  -6.355
  -7.555
  -7.155
  -4.555
  -4.755
  -3.455
  -4.455
  -4.555
  -3.655
  -1.655
 -0.9554
 0.04457
  -2.155
  -2.155
  -1.655
  0.7446
   1.445
  0.4446
 -0.7554
  0.4446
 0.04457
  0.9446
 -0.9554
 -0.7554
   1.645
   5.245
   7.945
   13.45
   14.15
   13.05
   17.55
   16.34
   12.45
   9.345
   5.745
  -4.055
  -19.75
  -33.06
  -36.85
  -30.86
  -16.45
  -4.555
 0.04457
   4.445
   10.24
   10.45
   11.45
   11.85
   11.55
   10.55
   7.445
   5.945
   5.445
   6.545
   6.345
   6.045
   4.945
   4.145
   4.945
   6.145
   5.645
   4.045
   4.645
   3.045
   2.445
   4.645
   5.345
   4.845
   3.545
   2.645
   1.845
   1.545
   4.145
   7.245
   7.845
   8.645
   5.545
   5.945
   3.745
   4.245
   2.545
   3.445
   4.945
   4.945
   6.245
   7.345
   7.445
   4.645
   4.245
   4.745
   5.045
   7.145
   5.845
   6.245
   7.145
   8.745
   7.145
   6.745
   3.545
   5.645
   5.645
   7.145
   7.845
   6.645
   6.345
   6.145
   6.345
   7.645
   7.645
   7.345
   5.245
   3.745
   5.045
   2.245
   1.245
   1.045
   2.945
   4.245
   1.445
   2.945
   2.845
   2.745
   2.945
   1.945
   3.645
   3.745
   4.145
   5.245
   6.245
   5.745
   4.145
   5.245
   5.045
   5.045
   5.645
   4.745
   5.745
   7.245
   6.845
   8.645
   6.845
   4.145
   3.045
   1.945
   1.745
   2.545
   2.945
   3.845
   3.945
   2.445
   3.545
   3.045
   4.445
   6.545
   6.445
   4.845
   9.445
   11.05
   9.645
   10.65
   9.245
   7.045
   3.645
 -0.4554
   2.345
   2.345
   1.545
-0.05543
  0.7446
  0.8446
   2.345
   1.645
   2.945
   3.645
   4.145
   6.045
   6.945
   6.445
   4.745
   5.745
   7.745
   5.345
   3.745
   3.445
 -0.4554
   1.145
 -0.6554
  0.4446
  0.1446
   1.845
   1.445
   1.245
  0.3446
   1.045
   1.545
   1.945
   3.945
  0.7446
   2.545
   3.445
   4.545
   3.645
   3.645
   2.545
   2.545
   2.045
   3.945
   3.745
   3.645
   4.545
   5.445
   7.345
   9.045
   14.95
   13.35
   16.95
   18.45
   16.65
   18.25
   11.95
   5.245
  -9.755
  -24.36
  -32.06
  -29.36
  -20.75
  -7.555
   1.145
   5.945
   9.745
   8.945
   9.845
   7.945
   7.445
   6.745
   5.245
   3.045
   4.145
   8.145
   7.945
   6.345
   3.945
   4.445
   4.245
   2.945
   4.545
   3.245
   6.345
   6.745
   5.945
   6.545
   4.045
   2.745
   2.345
   3.145
   4.645
   3.445
  0.7446
  0.4446
   4.345
   3.345
   4.745
   3.345
   2.845
   1.845
   3.845
   3.945
   4.645
   5.945
   7.645
   7.545
   6.945
   4.145
-0.05543
  0.1446
   2.445
   2.045
   2.645
   2.345
  0.8446
   3.045
   2.445
   5.345
   1.945
   1.645
   1.745
   3.645
   6.645
   4.945
   3.145
   4.045
   3.345
   1.645
   3.245
   3.545
   2.445
  0.4446
   1.145
   1.345
  0.6446
  -1.755
  -5.655
  -1.555
 -0.2554
   1.345
 -0.5554
 -0.5554
  0.7446
  0.5446
   1.245
   2.545
   3.445
   3.845
  0.6446
   2.645
   4.745
   3.045
   3.045
  0.2446
   2.745
   4.145
   6.745
   4.845
   3.645
   3.545
   1.545
  0.5446
   2.245
   3.845
   4.545
   1.345
   1.545
   2.845
   1.345
  0.4446
  0.4446
   2.645
   1.345
 -0.2554
  0.1446
  0.6446
  0.1446
   1.745
   2.145
   1.045
   1.645
   2.245
   1.445
   3.245
   3.845
   4.045
   5.045
   4.345
   3.845
   2.545
   2.645
   4.545
   4.345
   3.045
   2.845
   3.745
   4.345
   3.245
   4.345
   2.545
   3.345
   3.045
   2.945
   4.345
   4.245
   5.545
   5.645
   8.545
   8.945
   6.545
   6.845
   5.845
   5.345
   6.845
   6.545
   4.345
   3.845
   1.145
 -0.5554
  -2.655
  -3.955
  -3.555
  -2.255
 -0.9554
  -1.855
 -0.8554
  -3.555
  -4.255
  -3.255
  -2.455
 -0.8554
  -1.855
  0.8446
 -0.4554
-0.05543
   1.545
 -0.3554
   1.045
 0.04457
  -1.055
  0.8446
   2.745
   3.945
   5.245
   6.545
   9.445
   10.35
   10.15
   8.445
   7.345
   1.645
  -9.955
  -21.86
  -28.25
  -25.25
  -19.86
  -8.755
 -0.6554
   5.745
   8.445
   6.245
   4.345
   5.045
   4.445
   4.845
   6.645
   6.145
   5.345
   3.645
   3.945
   3.145
   3.745
   3.345
   1.245
   1.345
   2.545
   2.945
   3.645
   1.945
 -0.5554
  -1.555
 -0.5554
  -2.455
  -2.355
  -2.955
 -0.4554
  0.9446
  0.4446
   1.245
  -1.355
   1.545
   1.945
   1.545
   1.045
 -0.5554
 0.04457
 0.04457
   2.145
   1.045
  0.7446
  0.2446
 -0.5554
  -1.355
 0.04457
   3.045
   4.445
   5.545
   5.445
   5.545
   6.345
   4.645
   4.245
   5.045
   2.745
   2.545
   4.945
   3.745
   3.845
   3.445
   4.645
   5.745
   4.245
   2.645
   2.745
   2.045
   4.345
   4.545
   5.045
   5.145
   5.145
   2.145
 -0.6554
  -3.555
  -3.755
  -3.255
  -3.255
  -4.655
  -5.355
  -5.855
  -5.555
  -1.955
  -1.355
  -1.055
  -2.355
 0.04457
   1.945
   2.245
 -0.7554
  -2.155
 -0.1554
   2.545
   1.245
-0.05543
 -0.2554
 -0.9554
  0.8446
   1.445
   2.145
 0.04457
 -0.2554
 -0.1554
 0.04457
 -0.4554
  0.6446
  0.6446
   1.645
   1.645
  0.8446
   2.645
   3.545
   3.545
   1.645
  0.8446
   1.345
   1.845
 -0.4554
 -0.6554
  0.9446
   1.345
  0.9446
  -1.055
  0.7446
   1.845
 0.04457
 -0.1554
  0.1446
 -0.2554
 -0.7554
  -3.055
  -2.055
  -4.155
  -4.555
  -5.455
  -4.555
  -3.255
  -1.555
 -0.8554
  -1.755
  -2.555
  -2.255
  -1.555
  -1.755
  -2.455
  -1.255
 -0.4554
  0.5446
  -1.355
  -4.055
  -4.155
  -4.155
  -4.455
  -6.055
  -6.155
  -7.255
  -8.255
  -4.955
  -5.355
  -3.555
  -3.455
  -3.255
  -5.555
  -6.455
  -5.955
  -5.055
  -3.455
  -3.255
  -2.555
  -2.455
  -1.955
  -3.555
  -2.355
  -3.755
  -4.155
  -5.055
  -4.355
-0.05543
   1.145
   1.445
   2.545
   4.045
   2.745
   2.445
   3.345
   4.845
   5.645
   3.845
   1.145
  -2.755
  -13.65
  -27.86
  -34.45
  -34.95
  -29.36
  -19.36
  -9.255
  -4.255
  -3.255
  -3.555
  -2.655
  -2.755
  -3.355
  -3.555
  -2.955
  -1.655
  -3.355
  -3.555
  -3.855
  -4.255
  -3.655
  -4.255
  -3.755
  -5.355
  -5.155
  -3.455
  -2.855
  -4.955
  -5.955
  -4.255
  -3.255
  -3.255
  -3.155
  -3.755
  -3.755
  -3.555
  -5.255
  -2.555
  -4.055
  -3.955
  -4.055
  -2.055
  -3.855
  -5.055
  -2.955
  -2.755
  -4.955
  -4.955
  -7.155
  -8.055
  -5.155
  -3.155
  -4.455
  -5.755
  -5.055
  -4.355
  -5.155
  -5.555
  -6.155
  -7.155
  -6.755
  -7.755
  -4.455
  -2.855
  -3.255
  -3.155
  -6.555
  -5.955
  -2.855
  -2.155
  -3.955
  -3.855
  -1.955
  -1.955
  -3.755
  -6.255
  -7.955
  -6.555
  -5.355
  -5.055
  -4.555
  -4.355
  -4.955
  -9.555
  -9.455
  -9.055
  -6.055
  -4.455
  -6.855
  -5.755
  -5.455
  -4.555
  -6.355
  -5.755
  -5.555
  -7.555
  -5.955
  -3.655
  -2.455
   1.545
   2.645
   2.245
   1.445
   2.745
  0.4446
  -2.055
  -5.655
  -6.955
  -4.255
  -3.255
  -7.455
  -9.055
  -6.955
  -5.355
  -4.655
  -5.655
  -7.155
  -6.555
  -4.555
  -6.955
  -5.555
  -6.955
  -6.955
  -7.155
  -5.755
  -5.255
  -7.555
  -8.455
  -10.26
  -7.155
  -7.755
  -6.855
  -7.755
  -8.455
  -10.46
  -6.655
  -4.455
  -6.955
  -4.955
  -6.155
  -4.955
  -4.355
  -5.555
  -5.655
  -6.455
  -5.455
  -4.555
  -6.155
  -5.555
  -3.255
  -2.955
  -1.855
  -2.255
  -3.355
  -2.955
  -5.155
  -4.755
  -6.155
  -5.555
  -7.155
  -8.655
  -8.755
  -9.055
  -10.46
  -12.96
  -11.76
  -11.76
  -7.855
  -8.055
  -8.155
  -7.055
  -9.355
  -10.06
  -9.155
  -8.055
  -7.955
  -7.355
  -9.855
  -10.36
  -8.955
  -7.255
  -6.655
  -8.255
  -8.355
  -8.855
  -4.155
  -2.155
  -2.055
   1.345
   7.345
   9.945
   7.345
   3.745
  -2.355
  -13.65
  -28.95
  -36.06
  -38.85
  -33.16
  -23.45
  -12.86
  -7.655
  -4.955
  -5.155
  -4.555
  -3.355
  -3.555
  -3.255
  -4.155
  -5.355
  -1.555
   3.045
 -0.5554
 -0.7554
  -1.555
  -3.555
  -5.855
  -8.355
  -11.96
  -10.86
  -7.955
  -8.955
  -7.355
  -9.355
  -9.055
  -8.055
  -7.855
  -7.455
  -7.255
  -5.855
  -5.655
  -8.155
  -9.455
  -9.355
  -10.15
  -7.955
  -7.955
  -7.455
  -8.555
  -8.355
  -8.355
  -6.455
  -6.955
  -7.155
  -7.655
  -6.355
  -8.155
  -6.255
  -7.855
  -7.255
  -5.255
  -4.355
  -6.455
  -6.855
  -5.655
  -5.955
  -7.855
  -5.755
  -5.055
  -3.855
  -1.755
  -2.555
  -2.855
  -4.955
  -3.755
  -1.855
 -0.7554
  -3.855
  -3.955
  -3.055
  -4.855
  -4.755
  -4.955
  -6.755
  -7.155
  -8.555
  -6.855
  -6.155
  -4.755
  -6.955
  -4.955
  -4.755
  -5.255
  -5.355
  -7.355
  -5.455
  -1.755
  -1.955
  -2.155
  -2.955
  -1.355
  -2.855
 -0.5554
 -0.9554
  -4.155
  -3.455
  -3.255
  -4.555
  -4.255
  -2.755
  -1.955
  -1.355
 -0.3554
  0.8446
  -1.055
  -2.355
  -1.155
   2.045
   2.945
  0.8446
  0.8446
 -0.2554
  0.6446
 -0.5554
  -1.455
 -0.6554
  -1.855
  0.2446
 -0.4554
  -2.155
 -0.4554
  0.7446
   3.945
   4.245
   4.845
   6.245
   1.745
 -0.5554
  -3.055
  -5.455
  -5.755
  -1.655
  0.6446
   1.545
   2.445
   3.845
   4.645
   5.445
   3.045
   2.645
   2.245
   2.745
   2.345
  -1.255
  -1.455
  -2.555
  -3.655
  -3.355
  -2.355
  -1.655
  0.2446
  -1.955
  -3.255
 -0.9554
 -0.3554
  -1.655
  -2.155
  -2.255
  -2.155
-0.05543
  0.7446
-0.05543
   1.745
   3.545
   2.245
  0.7446
  0.1446
   2.245
   2.045
   2.645
   4.145
   5.645
   10.45
   15.05
   11.74
   15.45
   20.34
   16.65
   12.55
   9.245
   2.945
  -11.36
  -26.75
  -35.95
  -32.76
  -20.95
  -8.755
  -1.355
   3.445
   7.345
   10.55
   8.945
   7.645
   7.145
   5.745
   6.145
   6.245
   7.345
   6.345
   5.645
   4.545
   3.245
   3.545
   4.045
   4.945
   5.145
   7.545
   6.945
   3.645
   2.345
   3.545
   2.845
   6.745
   6.045
   5.745
   5.545
   5.045
   4.745
   4.445
   4.845
   4.645
   3.845
   2.545
   4.245
   5.245
   7.745
   6.845
   5.745
   3.345
   2.445
   1.945
   3.645
   3.545
   7.345
   8.545
   10.55
   8.445
   8.545
   6.345
   3.945
   3.945
   3.645
   3.645
   3.345
   4.945
   4.345
   2.745
   2.945
   3.445
   4.745
   2.945
   3.845
   2.145
   2.645
   5.445
   5.345
   3.345
   4.245
   3.845
   5.145
   2.645
  0.4446
   1.245
  0.7446
   5.545
   4.945
   2.545
   1.845
   2.045
   1.545
   2.045
   1.245
   1.345
   1.845
   5.245
   6.845
   6.045
   6.645
   5.145
   5.845
   8.845
   9.645
   7.845
   9.045
   7.745
   6.245
   6.045
   6.645
   5.245
   4.745
   3.345
   3.645
   4.045
   5.745
   3.945
   4.945
   5.245
   7.545
   6.945
   6.845
   6.645
   6.145
   4.745
   2.445
   4.945
   5.345
   3.645
   4.145
   5.045
   5.045
   2.645
   2.845
   2.545
   3.445
   4.845
   4.445
   2.445
   2.045
   4.745
   5.845
   8.545
   6.645
   2.945
   4.845
   9.845
   11.05
   11.35
   9.945
   7.845
   5.845
   5.445
   2.245
   2.445
   2.445
   1.445
   3.745
   2.545
   4.145
   3.945
   4.645
   2.945
   4.445
   3.845
 0.04457
   2.045
   6.545
   8.045
   7.745
   8.845
   8.145
   6.645
   1.145
  -1.055
 -0.2554
  0.1446
   1.245
   2.245
   1.745
   3.145
   9.445
   12.85
   10.45
   11.05
   13.45
   16.55
   13.74
   9.145
   4.645
  -5.155
  -17.06
  -26.66
  -30.16
  -23.45
  -14.56
  -2.555
   2.445
   5.345
   8.445
   3.945
   2.845
   2.045
   2.245
   3.145
   4.545
   3.445
   2.545
   1.245
   1.445
   1.545
   1.645
   2.145
   3.045
   4.745
   3.245
  0.5446
   1.845
   4.245
   1.645
  0.1446
  0.3446
   2.045
   5.545
   3.745
   4.145
   2.045
   2.945
   2.845
   4.245
   3.845
   2.345
   1.945
   1.345
   2.645
   2.745
   5.245
   5.745
   3.745
   1.545
   3.845
   3.245
   1.645
   2.345
   2.445
   2.145
   5.245
   2.945
   3.445
   4.245
   5.545
   6.545
   7.345
   5.345
   2.945
   1.845
   3.045
   3.745
   4.545
   5.045
   5.845
   4.545
   6.445
   7.445
   7.045
   3.445
   2.345
  0.7446
 0.04457
   4.145
   2.245
  -1.155
  -1.655
 -0.8554
  0.8446
  -1.155
 -0.2554
   2.445
   3.345
   4.845
   5.945
   6.945
   4.645
   3.145
   1.445
 -0.3554
  -2.755
  -1.255
  0.9446
   1.845
   1.645
   1.145
   1.445
   2.345
   4.345
   5.545
   3.245
   2.545
   2.145
   3.645
   4.745
   3.245
   1.945
  0.1446
   1.545
-0.05543
   1.845
  0.4446
  0.7446
   1.445
   1.245
   2.045
   2.945
   1.545
  0.7446
   1.845
   2.945
   2.245
   1.045
  0.7446
 -0.1554
   1.245
   1.645
   2.245
   1.145
   1.745
   1.945
   3.945
   3.445
   3.345
   3.345
   4.845
   4.145
   3.545
   5.045
   5.445
   6.245
   5.545
   3.545
  0.2446
 -0.5554
  0.1446
  -2.455
  -2.555
  -1.255
  -1.355
 -0.1554
  -1.055
 0.04457
 0.04457
  -2.655
  -4.355
  -4.355
  -2.655
  -1.355
  0.2446
  -3.755
 -0.8554
  -2.455
  -2.055
  -1.855
  -2.955
 -0.8554
  -1.155
 -0.1554
 -0.6554
 0.04457
  -1.055
   3.845
   6.345
   9.845
   11.15
   13.74
   15.95
   15.15
   11.55
   7.045
  -1.655
  -12.96
  -23.66
  -27.45
  -25.45
  -18.25
  -6.255
  0.8446
   4.145
   5.045
   3.545
   3.545
   5.545
   6.245
   6.945
   5.045
   6.145
   5.745
   5.945
   4.945
  0.8446
  0.2446
-0.05543
   3.045
   4.045
  0.4446
  -2.255
  -1.555
  0.1446
  0.9446
  0.9446
-0.05543
   2.045
   1.245
   1.045
  0.8446
 0.04457
-0.05543
   1.145
   2.045
  0.7446
   1.845
   3.045
   3.345
   2.245
  0.2446
   2.845
   4.645
   4.445
   4.045
   4.545
   4.845
   4.145
   2.045
   1.945
  0.7446
 -0.2554
 -0.8554
   1.945
 -0.1554
  -1.455
 0.04457
 -0.4554
   1.045
   1.645
   1.845
   1.745
   1.045
   2.745
   2.745
   4.545
   4.445
   3.145
   2.645
   1.645
