    3.43
   3.453
   3.436
   3.419
   3.462
   3.445
   3.458
   3.461
   3.445
   3.478
   3.551
   3.544
   3.617
    3.61
   3.643
   3.666
   3.709
   3.742
   3.755
   3.828
   3.861
   3.844
   3.877
    3.91
   3.953
   3.896
   3.929
   3.962
   3.955
   3.919
   3.932
   3.895
   3.838
   3.851
   3.874
   3.797
    3.76
   3.783
   3.756
   3.709
   3.751
   3.654
   3.717
    3.69
   3.663
   3.696
   3.639
   3.662
   3.685
   3.628
   3.621
   3.664
   3.677
    3.67
   3.673
   3.716
   3.648
   3.701
   3.664
   3.737
    3.71
   3.753
   3.696
   3.719
   3.731
   3.764
   3.727
    3.75
   3.773
   3.705
   3.788
   3.761
   3.724
   3.767
   3.759
   3.712
   3.785
   3.768
    3.78
   3.763
   3.756
   3.768
   3.721
   3.714
   3.776
   3.709
   3.732
   3.734
   3.747
    3.77
   3.712
   3.695
   3.747
    3.72
   3.703
   3.675
   3.708
    3.71
   3.713
   3.745
   3.708
    3.72
   3.683
   3.755
   3.708
    3.71
   3.673
   3.755
   3.698
     3.7
   3.722
   3.695
   3.707
    3.76
   3.702
   3.744
   3.767
   3.689
   3.741
   3.713
   3.746
   3.708
     3.7
   3.763
   3.745
   3.707
   3.719
   3.711
   3.744
   3.716
   3.708
    3.76
   3.722
   3.744
   3.736
   3.718
    3.72
   3.733
   3.745
   3.767
   3.719
   3.721
   3.713
   3.755
   3.737
   3.768
    3.69
   3.752
   3.764
   3.696
   3.738
    3.71
   3.722
   3.703
   3.705
   3.717
   3.709
   3.761
   3.812
   3.964
   3.986
   4.047
   4.169
   4.191
   4.272
   4.364
   4.356
   4.437
   4.449
    4.54
   4.502
   4.554
   4.565
   4.507
   4.528
    4.51
   4.481
   4.492
   4.464
   4.435
   4.417
   4.388
   4.379
   4.381
   4.352
   4.343
   4.285
   4.206
   4.227
   4.218
    4.16
   4.171
   4.132
   4.073
   4.084
   4.075
   4.086
   4.098
   4.119
    4.08
   4.061
   4.052
   4.103
   4.084
   4.155
   4.106
   4.147
   4.178
   4.158
   4.149
    4.17
   4.131
   4.192
   4.143
   4.173
   4.234
   4.225
   4.176
   4.206
   4.187
   4.198
   4.219
   4.169
    4.17
    4.16
   4.191
   4.152
   4.142
   4.153
   4.123
   4.104
   4.164
   4.075
   4.145
   4.095
   4.116
   4.096
   4.087
   4.077
   4.037
   4.058
   4.058
   4.028
   4.048
   4.039
   4.019
   4.029
   4.049
   3.999
    4.02
    4.01
    4.07
    4.08
    4.14
    4.18
    4.21
    4.19
    4.23
    4.25
    4.33
    4.39
    4.37
    4.39
    4.45
   4.439
   4.429
   4.439
   4.489
   4.459
   4.418
   4.448
   4.418
   4.408
   4.397
   4.347
   4.387
   4.336
   4.266
   4.285
   4.235
   4.185
   4.194
   4.164
   4.123
   4.143
   4.162
   4.112
   4.091
    4.09
    4.07
   4.099
   4.039
   4.108
   4.077
   4.076
   4.076
   4.075
   4.074
   4.083
   4.063
   4.122
   4.131
    4.12
   4.109
   4.118
   4.068
   4.067
   4.126
   4.135
   4.094
   4.103
   4.122
   4.111
    4.08
   4.099
   4.038
   4.086
   4.055
   4.064
   4.043
   4.042
   4.031
    4.04
   4.038
   4.057
   4.026
   4.005
   4.013
   3.982
   3.991
   3.989
   3.938
   3.977
   3.995
   3.944
   3.942
   3.931
    3.91
   3.898
   3.927
   3.915
   3.944
   3.872
    3.93
   3.929
   3.857
   3.886
   3.904
   3.902
   3.931
   3.989
   4.017
   4.056
   4.134
   4.162
   4.241
   4.239
   4.287
   4.345
   4.383
   4.332
    4.42
   4.388
   4.366
   4.424
   4.372
    4.39
   4.398
   4.387
   4.325
   4.293
   4.331
   4.279
   4.247
   4.185
   4.183
    4.11
   4.128
   4.046
   4.084
   4.052
    4.04
   4.018
   3.976
   3.934
   3.931
   3.949
   3.947
   3.945
   3.943
    3.96
   3.938
   3.966
   3.883
   3.971
   3.969
   3.957
   3.904
   3.932
     3.9
   3.977
   3.935
   3.952
    3.97
   3.908
   3.975
   3.903
    3.91
   3.898
   3.935
   3.943
    3.97
   3.948
   3.935
   3.883
    3.91
   3.918
   3.875
   3.893
    3.89
   3.847
   3.855
   3.802
    3.86
   3.847
   3.794
   3.792
   3.799
   3.786
   3.764
   3.801
   3.758
   3.726
   3.753
    3.79
   3.768
   3.745
   3.712
   3.719
   3.727
   3.704
   3.671
   3.738
   3.695
   3.703
    3.73
   3.647
   3.644
   3.701
   3.709
   3.626
   3.643
    3.61
   3.657
   3.634
   3.621
   3.668
   3.616
   3.633
    3.61
   3.607
   3.644
   3.611
   3.588
   3.635
   3.552
   3.609
   3.536
   3.563
    3.58
   3.537
   3.564
   3.521
   3.569
   3.506
   3.553
    3.57
   3.537
   3.564
   3.551
   3.478
   3.515
   3.502
   3.519
   3.505
   3.512
   3.489
   3.506
   3.503
    3.42
   3.437
   3.424
   3.461
   3.418
   3.405
   3.462
   3.429
   3.406
   3.423
    3.36
   3.367
   3.344
   3.341
   3.398
   3.445
   3.491
   3.528
   3.595
   3.672
   3.709
   3.736
   3.793
    3.81
   3.857
   3.894
   3.951
   3.938
   3.965
   4.012
   3.989
   3.965
   4.002
   3.989
   3.986
   3.933
    3.94
   3.917
   3.894
   3.811
   3.828
   3.805
   3.712
   3.689
   3.696
   3.653
     3.6
   3.587
   3.544
   3.521
   3.548
   3.495
   3.481
   3.448
   3.515
   3.492
   3.479
   3.496
   3.493
    3.47
   3.407
   3.484
   3.441
   3.479
   3.416
   3.443
    3.49
   3.467
   3.504
   3.441
   3.508
   3.505
   3.462
   3.439
   3.506
   3.443
    3.51
   3.447
   3.474
   3.452
   3.439
   3.486
   3.483
    3.43
   3.417
   3.384
   3.431
   3.399
   3.396
   3.403
    3.37
   3.407
   3.375
   3.302
   3.319
   3.356
   3.363
   3.331
   3.348
   3.325
   3.312
    3.29
   3.277
   3.274
   3.252
   3.259
   3.216
   3.274
   3.231
   3.258
   3.216
   3.243
    3.21
   3.208
   3.185
   3.183
    3.24
   3.177
   3.185
   3.182
    3.21
   3.217
   3.165
   3.162
    3.19
   3.187
   3.165
   3.132
     3.1
   3.127
   3.155
   3.172
    3.09
   3.128
   3.155
   3.113
    3.18
   3.168
   3.266
   3.253
   3.311
   3.299
   3.387
   3.414
   3.412
    3.43
   3.507
   3.465
   3.543
   3.541
   3.539
   3.526
   3.494
   3.492
    3.54
   3.488
   3.426
   3.414
   3.422
    3.44
   3.387
   3.335
   3.353
   3.301
   3.279
   3.207
   3.215
   3.173
   3.162
    3.16
   3.178
   3.176
   3.094
   3.102
    3.09
   3.128
   3.127
   3.125
   3.133
   3.061
   3.109
   3.138
   3.076
   3.104
   3.143
   3.081
   3.119
   3.158
   3.116
   3.114
   3.073
   3.151
    3.13
   3.118
   3.106
   3.085
   3.083
   3.132
    3.15
   3.089
   3.108
   3.086
   3.095
   3.133
   3.082
   3.081
   3.069
   3.098
   3.067
   3.065
   3.054
   3.073
   3.032
    3.03
   2.989
   2.998
   2.977
   2.996
   2.995
   2.974
   3.022
   3.011
    3.01
   2.999
   2.988
   2.987
   2.956
   2.955
   2.954
   2.943
   2.912
   2.962
   2.951
    2.94
   2.919
   2.968
   2.977
   2.917
   2.966
   2.955
   2.964
   2.894
   2.903
   2.912
   2.911
   2.911
    2.95
    2.89
   2.869
   2.888
   2.878
   2.907
   2.927
   2.866
   2.866
   2.895
   2.905
   2.915
   2.974
   3.024
   3.063
   3.093
   3.093
   3.132
   3.182
   3.262
   3.252
   3.331
   3.291
   3.341
   3.391
   3.401
    3.37
    3.39
    3.44
    3.38
    3.41
    3.42
    3.41
    3.39
    3.34
    3.36
    3.32
    3.29
    3.25
    3.22
    3.18
   3.181
   3.171
   3.071
   3.061
   3.051
   3.102
   3.072
   3.062
   2.992
   3.053
   2.993
   2.983
   3.034
   3.014
   3.015
   2.985
   3.005
   3.016
   2.986
   3.017
   2.987
   3.038
   2.998
   3.069
    3.07
    3.09
   3.041
   3.041
   3.072
   3.063
   3.074
   3.064
   3.055
   3.056
   3.097
   3.047
   3.098
   3.099
    3.06
   3.051
   3.072
   3.042
   3.073
   3.064
   3.075
   3.066
   3.017
   3.008
   3.009
       3
   2.991
   3.002
   3.004
   3.045
   3.026
   2.977
   2.968
   3.029
    3.04
   2.982
   2.983
   3.004
   3.015
   3.017
   2.958
   2.969
   3.011
   2.972
   2.953
   3.025
   2.956
   2.978
   2.979
       3
   3.002
   3.013
   2.965
   3.016
   2.968
    3.01
   2.951
   2.973
   3.004
   2.946
   2.998
   2.999
   3.021
   2.983
   3.014
   3.056
   3.148
   3.159
   3.221
   3.203
   3.235
   3.327
   3.348
    3.39
   3.392
   3.414
   3.416
   3.408
    3.48
   3.452
   3.443
   3.495
   3.507
   3.479
   3.411
   3.453
   3.395
   3.417
    3.37
   3.352
   3.334
   3.326
   3.308
    3.25
   3.252
   3.224
   3.246
   3.209
   3.211
   3.133
   3.145
   3.157
    3.14
   3.142
   3.134
   3.147
   3.149
   3.131
   3.183
   3.186
   3.138
    3.16
   3.203
   3.205
   3.208
    3.18
   3.232
   3.215
   3.217
    3.25
   3.202
   3.255
   3.207
    3.27
   3.272
   3.205
   3.237
    3.23
   3.292
   3.215
   3.227
    3.28
   3.283
   3.215
   3.218
    3.23
   3.283
   3.246
   3.268
   3.231
   3.214
   3.236
   3.199
   3.242
   3.204
   3.257
    3.18
   3.202
   3.195
   3.258
   3.211
   3.253
   3.216
   3.229
   3.202
   3.255
   3.227
    3.19
   3.193
   3.176
   3.239
   3.241
   3.204
   3.237
    3.26
   3.243
   3.206
   3.179
   3.232
   3.254
   3.227
    3.18
   3.253
   3.226
   3.219
   3.232
   3.295
   3.288
   3.301
   3.354
   3.377
    3.43
   3.463
   3.536
   3.569
   3.561
   3.604
   3.707
    3.67
   3.723
   3.766
   3.779
   3.792
   3.805
   3.778
   3.741
   3.735
   3.768
   3.721
   3.744
   3.717
    3.73
   3.693
   3.716
   3.679
   3.602
   3.565
   3.568
   3.591
   3.534
   3.547
    3.51
   3.493
   3.466
   3.459
   3.512
   3.465
   3.459
   3.442
   3.495
   3.488
   3.511
   3.474
   3.507
