-1.031379844961237691e-01
-1.033546757926938620e-01
-1.035713670892637328e-01
-1.037880583858338257e-01
-1.040047496824036966e-01
-9.422144097897389159e-02
-9.443813227554365142e-02
-9.465482357211363329e-02
-8.487151486868360628e-02
-8.508820616525358815e-02
-8.530489746182357003e-02
-7.552158875839354302e-02
-7.573828005496330285e-02
-7.595497135153350676e-02
-7.617166264810326659e-02
-7.638835394467347051e-02
-7.660504524124323034e-02
-7.682173653781343425e-02
-7.703842783438319408e-02
-8.725511913095318484e-02
-8.747181042752316671e-02
-9.768850172409315746e-02
-9.790519302066313934e-02
-9.812188431723312121e-02
-1.083385756138031120e-01
-1.085552669103730938e-01
-1.187719582069428625e-01
-1.189886495035130665e-01
-1.282053408000829453e-01
-1.384220320966529361e-01
-1.486387233932228158e-01
-1.588554146897926955e-01
-1.590721059863627884e-01
-1.592887972829326593e-01
-1.595054885795027522e-01
-1.297221798760725964e-01
-7.193887117264274877e-02
5.844437530787338630e-03
5.462774623421751130e-02
1.034110549376474619e-01
1.421943636410776257e-01
1.809776723445075675e-01
2.197609810479377312e-01
2.585442897513676730e-01
2.883275984547977178e-01
3.171109071582278727e-01
3.458942158616578055e-01
3.656775245650878414e-01
3.744608332685177565e-01
3.842441419719477835e-01
3.740274506753780148e-01
3.738107593788078109e-01
3.545940680822379232e-01
3.343773767856679235e-01
3.151606854890980358e-01
2.859439941925279172e-01
2.557273028959581307e-01
2.265106115993882341e-01
1.872939203028181065e-01
1.480772290062482011e-01
1.088605377096780735e-01
7.964384641310839896e-02
4.942715511653839044e-02
3.021046381996828067e-02
8.993772523398391172e-03
-1.022291877317171860e-02
-3.043961006974149619e-02
-4.065630136631170899e-02
-4.987299266288158783e-02
-6.008968395945135654e-02
-7.030637525602134730e-02
-8.052306655259133805e-02
-8.073975784916131992e-02
-8.995644914573119877e-02
-9.017314044230118064e-02
-1.003898317388711714e-01
-1.006065230354411533e-01
-1.008232143320111351e-01
-1.010399056285811170e-01
-1.012565969251510989e-01
-1.014732882217210808e-01
-1.016899795182908406e-01
-1.019066708148610445e-01
-1.021233621114308043e-01
-9.234005340800099937e-02
-9.255674470457075920e-02
-8.377343600114084410e-02
-8.399012729771082597e-02
-8.420681859428058580e-02
-7.442350989085078083e-02
-7.464020118742076271e-02
-7.485689248399074458e-02
-7.507358378056072645e-02
-7.629027507713082024e-02
-7.650696637370058006e-02
-7.672365767027056194e-02
-7.694034896684054381e-02
-8.715704026341053456e-02
-8.737373155998051644e-02
-8.759042285655049831e-02
-9.680711415312015511e-02
-9.702380544969035903e-02
-1.072404967462601277e-01
-1.174571880428303405e-01
-1.176738793394001004e-01
-1.278905706359700911e-01
-1.281072619325400730e-01
-1.383239532291100637e-01
-1.475406445256801646e-01
-1.577573358222499333e-01
-1.689740271188200360e-01
-1.691907184153900179e-01
-1.694074097119597777e-01
-1.496241010085299639e-01
-1.008407923050997912e-01
-3.305748360166993471e-02
2.472582510176013493e-02
7.350913380519008555e-02
1.222924425086202582e-01
1.610757512120504220e-01
2.098590599154803726e-01
2.386423686189105275e-01
2.774256773223402472e-01
3.062089860257704022e-01
3.349922947292003350e-01
3.537756034326304810e-01
3.735589121360607390e-01
3.833422208394905439e-01
3.831255295429205621e-01
3.829088382463505802e-01
3.626921469497808026e-01
3.524754556532105898e-01
3.332587643566407021e-01
3.040420730600708055e-01
2.728253817635006850e-01
2.336086904669310016e-01
1.943919991703610961e-01
1.551753078737909686e-01
1.159586165772210631e-01
8.674192528065094443e-02
5.752523398408104782e-02
3.730854268751104819e-02
1.709185139094104855e-02
-1.212483990562884806e-02
-2.334153120219872868e-02
-3.255822249876860752e-02
-5.277491379533882920e-02
-6.299160509190859791e-02
-7.220829638847869880e-02
-8.242498768504868956e-02
-9.264167898161845827e-02
-9.285837027818866218e-02
-9.407506157475853392e-02
-1.042917528713285247e-01
-1.045084441678985065e-01
-1.047251354644684884e-01
-1.139418267610383673e-01
-1.141585180576083491e-01
-1.143752093541783310e-01
-1.145919006507483129e-01
-1.158085919473181846e-01
-1.070252832438882695e-01
-1.072419745404582514e-01
-1.074586658370282333e-01
-9.767535713359798422e-02
-9.789204843016818813e-02
-8.810873972673793908e-02
-8.932543102330803286e-02
-8.954212231987801474e-02
-7.975881361644776568e-02
-7.997550491301796960e-02
-8.019219620958772943e-02
-8.040888750615793334e-02
-8.162557880272780508e-02
-9.184227009929757379e-02
-9.205896139586777771e-02
-9.227565269243753754e-02
-1.024923439890077503e-01
-1.027090352855775102e-01
-1.139257265821476128e-01
-1.141424178787175947e-01
-1.233591091752874735e-01
-1.235758004718574554e-01
-1.337924917684274462e-01
-1.450091830649975488e-01
-1.552258743615673175e-01
-1.554425656581375215e-01
-1.656592569547072902e-01
-1.748759482512771690e-01
-1.850926395478473818e-01
-1.863093308444172536e-01
-1.865260221409872354e-01
-1.767427134375572084e-01
-1.379594047341270446e-01
-6.017609603069717927e-02
-3.392787327266999498e-03
4.539052137616295113e-02
9.417383007959312380e-02
1.329571387830230655e-01
1.717404474864530073e-01
2.095237561898830592e-01
2.393070648933131039e-01
2.680903735967432588e-01
2.968736823001731917e-01
3.246569910036032347e-01
3.344402997070334838e-01
3.542236084104632976e-01
3.540069171138933157e-01
3.427902258173234351e-01
3.325735345207534444e-01
3.223568432241834536e-01
2.931401519276135570e-01
2.739234606310436693e-01
2.337067693344736519e-01
2.034900780379036433e-01
1.642733867413335158e-01
1.250566954447638324e-01
8.484000414819359293e-02
5.562331285162369632e-02
2.640662155505379971e-02
6.189930258483800074e-03
-1.502676103808608943e-02
-3.424345233465597715e-02
-5.446014363122597679e-02
-7.467683492779619847e-02
-8.489352622436596718e-02
-9.511021752093595794e-02
-1.043269088175060588e-01
-1.155436001140759394e-01
-1.157602914106459213e-01
-1.259769827072156900e-01
-1.261936740037858939e-01
-1.374103653003557746e-01
-1.376270565969255344e-01
-1.378437478934957383e-01
-1.390604391900656100e-01
-1.392771304866353699e-01
-1.394938217832055738e-01
-1.397105130797753336e-01
-1.409272043763454274e-01
-1.411438956729154093e-01
-1.313605869694856043e-01
-1.325772782660554761e-01
-1.327939695626252359e-01
-1.230106608591954309e-01
-1.242273521557653027e-01
-1.144440434523352756e-01
-1.146607347489052575e-01
-1.158774260454753513e-01
-1.160941173420451111e-01
-1.163108086386150930e-01
-1.175274999351851868e-01
-1.177441912317549466e-01
-1.179608825283251505e-01
-1.291775738248950312e-01
-1.293942651214650130e-01
-1.296109564180349949e-01
-1.408276477146048755e-01
-1.410443390111748574e-01
-1.512610303077448481e-01
-1.524777216043147199e-01
-1.616944129008848208e-01
-1.719111041974548115e-01
-1.731277954940246833e-01
-1.833444867905944520e-01
-1.945611780871645546e-01
-2.047778693837345454e-01
-2.139945606803044242e-01
-2.252112519768745269e-01
-2.254279432734445088e-01
-2.256446345700144906e-01
-2.268613258665843624e-01
-2.170780171631543354e-01
-1.892947084597242924e-01
-1.215113997562942139e-01
-5.272809105286424547e-02
-4.944782349434184709e-03
3.383852635399575703e-02
8.062183505742592793e-02
1.194051437608558697e-01
1.591884524642859233e-01
1.869717611677161884e-01
2.257550698711459081e-01
2.535383785745761731e-01
2.733216872780059870e-01
2.921049959814361330e-01
3.008883046848660481e-01
3.006716133882962882e-01
2.994549220917264165e-01
2.892382307951562037e-01
2.690215394985864261e-01
2.488048482020162044e-01
2.195881569054463078e-01
1.893714656088762993e-01
1.591547743123065128e-01
1.189380830157364954e-01
7.972139171916636791e-02
3.950470042259657255e-02
1.028800912602645390e-02
-1.992868217054333257e-02
2.321667774086400016e-02
4.201382237580597589e-03
-1.481391326570280498e-02
-3.382920876898620755e-02
-4.284450427226937919e-02
-6.185979977555300380e-02
-7.187509527883628735e-02
-7.989039078211956912e-02
-8.990568628540307472e-02
-8.892098178868623748e-02
-9.893627729196974308e-02
-9.795157279525312788e-02
-1.079668682985366335e-01
-1.069821638018197962e-01
-1.069974593051032929e-01
-1.060127548083866778e-01
-1.060280503116699524e-01
-1.050433458149533372e-01
-1.050586413182366119e-01
-1.040739368215202187e-01
-1.040892323248034934e-01
-1.031045278280868782e-01
-9.311982333137014400e-02
-9.213511883465352881e-02
-9.215041433793702552e-02
-8.116570984122017940e-02
-8.118100534450367611e-02
-8.119630084778695078e-02
-7.021159635107054875e-02
-7.022689185435382342e-02
-6.924218735763720822e-02
-6.925748286092048289e-02
-6.827277836420386770e-02
-6.828807386748736441e-02
-7.730336937077053605e-02
-7.731866487405403277e-02
-7.733396037733730743e-02
-8.634925588062092316e-02
-8.636455138390419783e-02
-9.537984688718736948e-02
-1.043951423904709852e-01
-1.034104378937541480e-01
-1.134257333970376536e-01
-1.234410289003209371e-01
-1.224563244036045440e-01
-1.324716199068878275e-01
-1.314869154101709903e-01
-1.415022109134544959e-01
-1.505175064167376675e-01
-1.595328019200212832e-01
-1.695480974233045668e-01
-1.685633929265879516e-01
-1.685786884298712263e-01
-1.585939839331547141e-01
-1.286092794364381842e-01
-5.962457493972128653e-02
9.360129556995167022e-03
5.834483405371182485e-02
1.073295385504282606e-01
1.473142430471450215e-01
1.862989475438616704e-01
2.252836520405783194e-01
2.652683565372950802e-01
2.942530610340114983e-01
3.232377655307283604e-01
3.442224700274447713e-01
3.632071745241614025e-01
3.731918790208779146e-01
3.741765835175947519e-01
3.741612880143114772e-01
3.641459925110279716e-01
3.561306970077446898e-01
3.261154015044611665e-01
3.071001060011779860e-01
2.790848104978944644e-01
2.400695149946110440e-01
2.100542194913277427e-01
1.720389239880444343e-01
1.330236284847610140e-01
9.400833298147759365e-02
7.599303747819430299e-02
4.597774197491077963e-02
2.696244647162759911e-02
6.947150968344084632e-03
-2.068144534939309054e-03
-2.108344003822248958e-02
-3.109873554150599517e-02
-4.911403104478928583e-02
-5.912932654807279143e-02
-6.914462205135607498e-02
-6.915991755463957169e-02
-6.817521305792273445e-02
-7.819050856120624005e-02
-8.720580406448963373e-02
-8.722109956777290840e-02
-8.623639507105629320e-02
-8.625169057433956787e-02
-8.626698607762306459e-02
-8.628228158090633926e-02
-8.529757708418994611e-02
-8.531287258747322078e-02
-8.532816809075649545e-02
-7.634346359403987314e-02
-7.635875909732314781e-02
-7.537405460060675466e-02
-6.538935010389002045e-02
-6.540464560717351716e-02
-6.541994111045679183e-02
-6.443523661373995459e-02
-5.445053211702344242e-02
-5.446582762030671709e-02
-5.448112312359021381e-02
-5.449641862687348848e-02
-5.351171413015709533e-02
-5.352700963344037000e-02
-5.354230513672386671e-02
-6.355760064000715026e-02
-6.357289614329042493e-02
-6.358819164657392164e-02
-7.260348714985709329e-02
-7.261878265314059000e-02
-8.163407815642398369e-02
-9.164937365970748928e-02
-9.166466916299076395e-02
-1.016799646662740475e-01
-1.006952601695574323e-01
-1.107105556728407159e-01
-1.207258511761242215e-01
-1.207411466794074961e-01
-1.297564421826911119e-01
-1.397717376859743954e-01
-1.497870331892576790e-01
-1.588023286925410726e-01
-1.588176241958243473e-01
-1.588329196991078440e-01
-1.488482152023911098e-01
-1.288635107056745888e-01
-7.087880620895781192e-02
7.105898287758538601e-03
5.609060278447541847e-02
1.050753072811920763e-01
1.450600117779086151e-01
1.940447162746252729e-01
2.330294207713416998e-01
2.620141252680585620e-01
3.009988297647749889e-01
3.309835342614917408e-01
3.599682387582083809e-01
3.789529432549250121e-01
3.889376477516417463e-01
3.989223522483582585e-01
3.989070567450749838e-01
3.888917612417914782e-01
3.798764657385080845e-01
3.608611702352246819e-01
3.318458747319414925e-01
3.018305792286581912e-01
2.728152837253745577e-01
2.337999882220913594e-01
1.947846927188079391e-01
1.557693972155245188e-01
1.267541017122411073e-01
9.673880620895780602e-02
6.772351070567461662e-02
4.770821520239110214e-02
1.869291969910769069e-02
8.677624195824185094e-03
-1.033767130745899543e-02
-2.035296681074250102e-02
-3.036826231402578458e-02
-4.938355781730896510e-02
-4.939885332059246181e-02
-5.941414882387574536e-02
-5.942944432715924208e-02
-6.944473983044252563e-02
-7.846003533372614136e-02
-7.847533083700941603e-02
-7.849062634029291274e-02
-7.850592184357618741e-02
-7.852121734685946208e-02
-7.853651285014295880e-02
-7.855180835342623347e-02
-7.856710385670973018e-02
-7.858239935999300485e-02
-7.859769486327650156e-02
-7.861299036655977623e-02
-6.962828586984293189e-02
-6.964358137312642860e-02
-7.065887687640981518e-02
-6.067417237969330301e-02
-6.068946788297657768e-02
-5.070476338626006552e-02
-5.072005888954334019e-02
-5.073535439282683690e-02
-5.075064989611011157e-02
-5.076594539939338624e-02
-5.078124090267688295e-02
-5.079653640596015762e-02
-5.081183190924365434e-02
-5.082712741252692901e-02
-6.084242291581043460e-02
-6.185771841909359914e-02
-7.187301392237688269e-02
-7.188830942566037940e-02
-8.090360492894377309e-02
-8.091890043222726980e-02
-1.009341959355105622e-01
-1.009494914387940590e-01
-1.109647869420773425e-01
-1.119800824453605070e-01
-1.219953779486440126e-01
-1.220106734519272873e-01
-1.310259689552109030e-01
-1.410412644584941866e-01
-1.510565599617774701e-01
-1.610718554650607537e-01
-1.610871509683442504e-01
-1.711024464716275340e-01
-1.621177419749109117e-01
-1.521330374781943995e-01
-1.131483329814777505e-01
-4.416362848476107494e-02
2.382107601195548874e-02
7.180578050867203466e-02
1.207904850053886925e-01
1.597751895021055635e-01
1.987598939988219904e-01
2.377445984955386393e-01
2.757293029922551764e-01
3.047140074889720385e-01
3.336987119856884565e-01
3.636834164824052085e-01
3.726681209791216087e-01
3.916528254758384620e-01
3.916375299725551873e-01
3.916222344692716906e-01
3.716069389659883981e-01
3.625916434627047824e-01
3.415763479594216001e-01
3.125610524561381887e-01
2.835457569528547772e-01
2.535304614495714759e-01
2.135151659462881657e-01
1.744998704430047454e-01
1.354845749397213250e-01
9.646927943643812675e-02
7.645398393315461227e-02
4.643868842987131096e-02
2.742339292658790839e-02
7.408097423304393914e-03
-1.260719807997889852e-02
-2.262249358326240412e-02
-3.263778908654546562e-02
-5.165308458982909023e-02
-6.266838009311226365e-02
-7.268367559639576925e-02
-7.269897109967904392e-02
-8.271426660296232747e-02
-8.372956210624593609e-02
-9.274485760952910773e-02
-9.276015311281260445e-02
-9.377544861609599103e-02
-9.379074411937948774e-02
-1.038060396226627713e-01
-9.482133512594592695e-02
-9.483663062922942366e-02
-9.485192613251269833e-02
-9.486722163579619505e-02
-9.588251713907958163e-02
-9.589781264236307834e-02
-8.691310814564623399e-02
-8.792840364892962057e-02
-7.794369915221310841e-02
-7.795899465549638307e-02
-6.897429015877976077e-02
-6.898958566206303544e-02
-6.900488116534653216e-02
-7.002017666862991874e-02
-7.003547217191341545e-02
-7.005076767519669012e-02
-7.106606317847985466e-02
-7.108135868176335137e-02
-7.209665418504673795e-02
-8.211194968833024355e-02
-8.212724519161351822e-02
-9.314254069489691368e-02
-9.315783619818018835e-02
-1.021731317014635820e-01
-1.131884272047469775e-01
-1.032037227080302433e-01
-1.242190182113138697e-01
-1.242343137145971443e-01
-1.342496092178806499e-01
-1.452649047211638234e-01
-1.452802002244473201e-01
-1.552954957277306036e-01
-1.653107912310138872e-01
-1.753260867342973928e-01
-1.863413822375805662e-01
-1.863566777408640629e-01
-2.264169213732001307e-01
-2.155348906839702483e-01
-1.856528599947404601e-01
-1.267708293055105351e-01
-6.688879861628049817e-02
-9.006767927050685074e-03
3.087526276217911203e-02
7.975729345140902815e-02
1.196393241406388253e-01
1.585213548298687325e-01
1.984033855190985296e-01
2.292854162083284297e-01
2.581674468975583281e-01
2.880494775867883384e-01
3.079315082760181177e-01
3.178135389652481102e-01
3.276955696544778807e-01
3.285776003437077541e-01
3.184596310329377289e-01
3.103416617221674834e-01
2.902236924113974492e-01
2.621057231006271859e-01
2.329877537898570328e-01
2.038697844790871017e-01
1.647518151683169396e-01
1.266338458575466674e-01
8.751587654677650541e-02
5.939790723600646416e-02
3.027993792523631100e-02
1.161968614466157845e-03
-1.795600069630398643e-02
-3.707397000707413071e-02
-5.619193931784405294e-02
-7.530990862861419721e-02
-8.542787793938444452e-02
-9.354584725015446800e-02
-1.036638165609247153e-01
-1.127817858716948507e-01
-1.228997551824648760e-01
-1.220177244932350025e-01
-1.311356938040051379e-01
-1.302536631147752644e-01
-1.303716324255452808e-01
-1.394896017363156382e-01
-1.396075710470854325e-01
-1.387255403578555590e-01
-1.388435096686257975e-01
-1.389614789793958138e-01
-1.380794482901659403e-01
-1.281974176009361699e-01
-1.273153869117062964e-01
-1.274333562224763128e-01
-1.265513255332464393e-01
-1.176692948440165587e-01
-1.177872641547867971e-01
-1.069052334655569148e-01
-1.070232027763269311e-01
-1.061411720870970576e-01
-1.062591413978672961e-01
-9.537711070863741369e-02
-9.549508001940743007e-02
-9.561304933017766849e-02
-9.473101864094779501e-02
-1.048489879517178203e-01
-1.039669572624879468e-01
-1.040849265732581852e-01
-1.142028958840282105e-01
-1.133208651947983370e-01
-1.224388345055684724e-01
-1.215568038163385989e-01
-1.316747731271086241e-01
-1.317927424378788626e-01
-1.409107117486489980e-01
-1.510286810594190232e-01
-1.511466503701892616e-01
-1.602646196809593970e-01
-1.693825889917295324e-01
-1.785005583024996678e-01
-1.886185276132696931e-01
-1.887364969240399315e-01
-1.978544662348100669e-01
-1.979724355455800833e-01
-1.980904048563503217e-01
-1.772083741671204304e-01
-1.383263434778905232e-01
-7.044431278866070123e-02
-1.056228209943066432e-02
3.831974858979902976e-02
8.720177927902894588e-02
1.270838099682589650e-01
1.659658406574886502e-01
1.948478713467185486e-01
2.347299020359485677e-01
2.736119327251782529e-01
2.934939634144082543e-01
3.233759941036380425e-01
3.332580247928680350e-01
3.421400554820979156e-01
3.530220861713277980e-01
3.529041168605575596e-01
3.427861475497875343e-01
3.246681782390172799e-01
3.045502089282472458e-01
2.754322396174770926e-01
2.463142703067069395e-01
2.181963009959368982e-01
1.780783316851666243e-01
1.389603623743966843e-01
1.008423930636264121e-01
6.172442375285625005e-02
4.260645444208610577e-02
1.248848513131606275e-02
-5.629484179453969617e-03
-2.574745349022422580e-02
-3.486542280099436120e-02
-5.398339211176450547e-02
-6.410136142253453073e-02
-7.321933073330466613e-02
-8.333730004407491343e-02
-9.245526935484482678e-02
-9.257323866561506520e-02
-1.026912079763850905e-01
-1.118091772871552259e-01
-1.109271465979253524e-01
-1.110451159086955908e-01
-1.111630852194656072e-01
-1.112810545302358456e-01
-1.103990238410057501e-01
-1.105169931517759885e-01
-1.106349624625460049e-01
-1.107529317733162433e-01
-1.098709010840861477e-01
-1.099888703948563862e-01
-1.011068397056265056e-01
-1.012248090163965220e-01
-1.003427783271666485e-01
-9.046074763793687801e-02
-9.057871694870689439e-02
-8.069668625947712393e-02
-8.081465557024714030e-02
-7.993262488101726682e-02
-8.005059419178750524e-02
-8.016856350255752162e-02
-8.028653281332776004e-02
-7.940450212409788655e-02
-7.952247143486790293e-02
-7.964044074563814135e-02
-8.975841005640816661e-02
-8.987637936717840503e-02
-9.899434867794854043e-02
-9.911231798871855680e-02
-1.082302872994886922e-01
-1.183482566102589395e-01
-1.184662259210289559e-01
-1.275841952317990913e-01
-1.377021645425693386e-01
-1.378201338533393550e-01
-1.479381031641096023e-01
-1.570560724748797377e-01
-1.571740417856497540e-01
-1.662920110964198894e-01
-1.764099804071899147e-01
-1.865279497179601620e-01
-1.866459190287301784e-01
-1.867638883395004168e-01
-1.768818576502704243e-01
-1.559998269610407551e-01
-9.811779627181071994e-02
-3.923576558258101699e-02
1.864626510664901815e-02
6.752829579587893427e-02
1.064103264851086195e-01
1.462923571743386386e-01
1.851743878635685459e-01
2.250564185527983430e-01
2.539384492420282413e-01
2.928204799312581486e-01
3.117025106204880380e-01
3.425845413097177161e-01
3.514665719989475967e-01
3.613486026881775892e-01
3.612306333774073508e-01
3.611126640666373344e-01
3.419946947558671901e-01
3.218767254450971560e-01
3.027587561343270117e-01
2.736407868235568586e-01
2.445228175127867054e-01
2.054048482020165434e-01
1.762868788912463902e-01
1.271689095804762193e-01
8.805094026970627930e-02
5.893297095893612614e-02
3.881500164816586995e-02
1.069703233739582870e-02
-9.420936973374427481e-03
-1.953890628414445274e-02
-3.865687559491459702e-02
-5.877484490568463116e-02
-6.789281421645476655e-02
-7.801078352722501386e-02
-8.812875283799503912e-02
-8.724672214876516563e-02
-9.736469145953541293e-02
-9.748266077030542931e-02
-1.066006300810755647e-01
-1.067185993918458031e-01
-1.068365687026158195e-01
-1.069545380133860579e-01
-1.070725073241560743e-01
-1.071904766349260907e-01
-1.073084459456963291e-01
-1.074264152564663455e-01
-1.065443845672366940e-01
-9.766235387800659140e-02
-9.778032318877682982e-02
-9.789829249954684620e-02
-9.801626181031686258e-02
-8.813423112108709212e-02
-8.825220043185733054e-02
-8.837016974262734692e-02
-7.848813905339735442e-02
-7.860610836416759284e-02
-7.872407767493760922e-02
-7.884204698570784764e-02
-7.796001629647797415e-02
-7.807798560724799053e-02
-7.819595491801822895e-02
-7.831392422878824533e-02
-8.843189353955849263e-02
-8.854986285032850901e-02
-8.866783216109874743e-02
-9.878580147186877269e-02
-9.890377078263901112e-02
-1.080217400934091465e-01
-1.181397094041791718e-01
-1.182576787149491881e-01
-1.283756480257194355e-01
-1.284936173364894518e-01
-1.386115866472596991e-01
-1.477295559580298345e-01
-1.568475252687999699e-01
-1.569654945795699863e-01
-1.670834638903402336e-01
-1.772014332011102589e-01
-1.773194025118804973e-01
-1.774373718226505137e-01
-1.775553411334207521e-01
-1.576733104441907507e-01
-1.087912797549608346e-01
-4.090924906573101261e-02
1.697278162349880049e-02
6.585481231272871661e-02
1.047368430019586238e-01
1.436188736911885311e-01
1.825009043804182163e-01
2.223829350696482354e-01
2.612649657588781427e-01
2.901469964481078190e-01
3.190290271373377173e-01
3.389110578265677187e-01
3.587930885157974981e-01
3.686751192050274906e-01
3.685571498942572521e-01
3.584391805834872269e-01
3.483212112727169796e-01
3.392032419619468442e-01
3.090852726511768012e-01
2.899673033404066569e-01
2.608493340296365037e-01
2.217313647188663417e-01
1.916133954080962987e-01
1.424954260973261277e-01
1.033774567865559657e-01
7.425948747578581255e-02
4.514151816501588144e-02
2.502354885424562525e-02
5.905579543475480975e-03
-1.421238976729455317e-02
-3.333035907806469744e-02
-4.344832838883494475e-02
-6.356629769960497889e-02
-7.268426701037511428e-02
-8.280223632114513954e-02
-9.292020563191538685e-02
-9.303817494268518118e-02
-9.315614425345564165e-02
-1.032741135642256669e-01
-1.033920828749959053e-01
-1.035100521857656997e-01
-1.126280214965360571e-01
-1.037459908073059545e-01
-1.038639601180764149e-01
-1.039819294288462093e-01
-1.040998987396166697e-01
-9.421786805038645518e-02
-9.433583736115691565e-02
-9.445380667192670998e-02
-8.457177598269716157e-02
-8.468974529346695590e-02
8.444695459579820707e-03
7.977729826628587873e-03
1.751076419367691983e-02
1.704379856072568700e-02
1.657683292777401007e-02
1.610986729482255519e-02
1.564290166187110032e-02
1.517593602891964544e-02
1.470897039596796851e-02
1.424200476301673568e-02
1.377503913006505876e-02
3.308073497113817041e-03
2.841107864162140118e-03
2.374142231210685239e-03
-8.092823401740778522e-03
-8.559789034692233400e-03
-1.902675466764391921e-02
-1.949372030059515204e-02
-2.896068593354672593e-02
-2.942765156649818081e-02
-4.989461719944965346e-02
-5.036158283240133038e-02
-6.082854846535257209e-02
-6.129551409830424902e-02
-7.176247973125549073e-02
-8.122944536420706463e-02
-8.169641099715863053e-02
-9.216337663010998327e-02
-9.263034226306154917e-02
-7.409730789601309819e-02
-2.556427352896450955e-02
4.296876083808398583e-02
9.050179520513257359e-02
1.390348295721810512e-01
1.875678639392295288e-01
2.261008983062782196e-01
2.646339326733266883e-01
3.031669670403753791e-01
3.327000014074237288e-01
3.712330357744721976e-01
3.897660701415208706e-01
4.092991045085692114e-01
4.278321388756176624e-01
4.373651732426664385e-01
4.368982076097147615e-01
4.264312419767635198e-01
4.159642763438118340e-01
3.964973107108602512e-01
3.760303450779090007e-01
3.465633794449574090e-01
3.170964138120058173e-01
2.876294481790544477e-01
2.471624825461029573e-01
2.076955169131515788e-01
1.682285512801999783e-01
1.287615856472483777e-01
1.092946200142970170e-01
8.882765438134554437e-02
5.936068874839395271e-02
4.889372311544271099e-02
2.942675748249112821e-02
8.959791849539655573e-03
-1.507173783411808188e-03
-1.097413941636338208e-02
-2.144110504931484584e-02
-3.090807068226641974e-02
-4.137503631521766145e-02
-4.184200194816933838e-02
-4.230896758112079326e-02
-5.177593321407214511e-02
-5.224289884702371101e-02
-5.270986447997527691e-02
-5.317683011292662076e-02
-5.364379574587818666e-02
-4.511076137882952253e-02
-4.557772701178108843e-02
-4.604469264473265433e-02
-3.651165827768410033e-02
-4.697862391063556409e-02
-3.744558954358701008e-02
-3.791255517653846496e-02
-3.837952080949014189e-02
-3.884648644244137472e-02
-3.931345207539294062e-02
-3.978041770834450652e-02
-4.024738334129585038e-02
-4.071434897424741628e-02
-4.118131460719876014e-02
-4.164828024015032604e-02
-4.211524587310189194e-02
-4.258221150605323579e-02
-5.304917713900481058e-02
-5.351614277195615443e-02
-5.398310840490772033e-02
-5.445007403785928624e-02
-6.391703967081063809e-02
-6.438400530376220399e-02
-7.485097093671377877e-02
-7.531793656966512263e-02
-7.578490220261668853e-02
-8.625186783556804127e-02
-9.671883346851950503e-02
-9.718579910147107093e-02
-1.076527647344224237e-01
-1.081197303673739896e-01
-1.175866960003255635e-01
-1.180536616332769073e-01
-1.285206272662284821e-01
-1.289875928991798260e-01
-1.394545585321314007e-01
-1.399215241650829666e-01
-1.503884897980343194e-01
-1.508554554309858853e-01
-1.603224210639374592e-01
-1.607893866968888030e-01
-1.612563523298403689e-01
-1.717233179627917217e-01
-1.721902835957432876e-01
-1.726572492286948535e-01
-1.831242148616462062e-01
-1.835911804945977721e-01
-1.840581461275491160e-01
-1.845251117605006819e-01
-1.849920773934522478e-01
-1.944590430264035996e-01
-1.849260086593551566e-01
-1.953929742923067314e-01
-1.958599399252580753e-01
-1.963269055582096412e-01
-2.057938711911608820e-01
-2.062608368241124479e-01
-2.067278024570640138e-01
-2.071947680900153577e-01
-2.176617337229669324e-01
-2.181286993559182763e-01
-2.185956649888698422e-01
-2.290626306218214170e-01
-2.295295962547727608e-01
-2.299965618877243267e-01
-2.304635275206758926e-01
-2.409304931536272454e-01
-2.413974587865788113e-01
-2.418644244195301551e-01
-2.423313900524817210e-01
-2.427983556854332869e-01
-2.522653213183846388e-01
-2.527322869513362047e-01
-2.531992525842875486e-01
-2.536662182172391145e-01
-2.541331838501906804e-01
-2.636001494831420322e-01
-2.640671151160935981e-01
-2.645340807490451640e-01
-2.750010463819965167e-01
-2.754680120149480826e-01
-2.759349776478995375e-01
-2.864019432808510013e-01
-2.868689089138025672e-01
-2.873358745467540221e-01
-2.978028401797054858e-01
-2.972698058126569398e-01
-2.977367714456083947e-01
-3.072037370785599686e-01
-3.076707027115114235e-01
-3.081376683444627673e-01
-3.086046339774142222e-01
-3.190715996103656860e-01
-3.005385652433173460e-01
-1.640055308762687902e-01
-2.747249650922023445e-02
3.006053785782825116e-02
1.175935722248767634e-01
1.771266065919252508e-01
2.356596409589738483e-01
2.931926753260223339e-01
3.417257096930708116e-01
3.902587440601194002e-01
4.287917784271679800e-01
4.673248127942165597e-01
4.958578471612650196e-01
5.153908815283134714e-01
5.149239158953619055e-01
5.054569502624106647e-01
4.949899846294589789e-01
4.755230189965075072e-01
4.550560533635561455e-01
4.255890877306046649e-01
3.961221220976531843e-01
3.656551564647017027e-01
3.361881908317502221e-01
2.967212251987987326e-01
2.482542595658473461e-01
2.087872939328957456e-01
1.693203282999442560e-01
1.298533626669927665e-01
9.038639703404127701e-02
6.091943140108968535e-02
4.045246576813832373e-02
1.098550013518684310e-02
1.518534502235380224e-03
-1.894843113071609242e-02
-3.841539676366756417e-02
-4.888236239661902793e-02
-5.934932802957049169e-02
-6.881629366252206559e-02
-7.928325929547352935e-02
-7.875022492842498334e-02
-8.921719056137644710e-02
-8.968415619432790198e-02
-9.015112182727946788e-02
-9.061808746023092276e-02
-9.108505309318237764e-02
-8.055201872613393377e-02
-8.101898435908538865e-02
-7.148594999203683464e-02
-7.195291562498828952e-02
-7.241988125793974440e-02
-6.388684689089130231e-02
-6.435381252384275719e-02
-5.382077815679420230e-02
-4.428774378974564829e-02
-4.475470942269710317e-02
-3.522167505564866019e-02
-2.668864068860010708e-02
-2.615560632155156107e-02
-2.662257195450312697e-02
-2.708953758745458185e-02
-1.755650322040613887e-02
-2.802346885335749160e-02
-2.849043448630894648e-02
-2.795740011926051150e-02
-2.842436575221196637e-02
-3.789133138516342925e-02
-3.835829701811488412e-02
-4.882526265106645891e-02
-5.829222828401792178e-02
-5.875919391696937666e-02
-6.922615954992084042e-02
-7.869312518287241431e-02
-8.916009081582387807e-02
-9.862705644877534095e-02
-1.090940220817268047e-01
-1.095609877146782596e-01
-1.190279533476298335e-01
-1.284949189805812964e-01
-1.389618846135327601e-01
-1.494288502464842239e-01
-1.598958158794356876e-01
-1.603627815123871425e-01
-1.598297471453385965e-01
-1.502967127782900425e-01
-1.117636784112416848e-01
-4.323064404419307838e-02
2.530239032285541700e-02
7.383542468990378360e-02
1.223684590569524833e-01
1.609014934240009520e-01
2.004345277910494216e-01
2.389675621580980014e-01
2.675005965251464612e-01
3.060336308921950410e-01
3.265666652592436048e-01
3.550996996262921757e-01
3.746327339933406275e-01
3.741657683603891726e-01
3.836988027274376156e-01
3.742318370944861528e-01
3.637648714615346890e-01
3.432979058285831053e-01
3.248309401956317455e-01
3.043639745626803839e-01
2.748970089297289032e-01
2.364300432967771926e-01
2.069630776638257119e-01
1.664961120308743325e-01
1.270291463979228430e-01
8.856218076497146541e-02
5.909521513201987375e-02
3.962824949906840200e-02
2.016128386611693024e-02
-3.056817668345424011e-04
-9.772647399786005273e-03
-3.023961303273747792e-02
-3.970657866568894079e-02
-5.917354429864041254e-02
-6.964050993159198732e-02
-6.910747556454344132e-02
-7.957444119749490508e-02
-8.904140683044636795e-02
-8.850837246339782194e-02
-9.897533809634939672e-02
-9.944230372930085160e-02
-9.890926936225230559e-02
-9.937623499520387149e-02
-9.984320062815532637e-02
-1.093101662611067892e-01
-9.977713189405823524e-02
-1.002440975270096901e-01
-9.971106315996125513e-02
-1.001780287929127100e-01
-6.340290143964555369e-02
-6.325253643559003436e-02
-6.410217143153440489e-02
-5.595180642747876743e-02
-5.580144142342313707e-02
-5.665107641936761862e-02
-4.750071141531198027e-02
-4.735034641125634991e-02
-4.819998140720083146e-02
-4.804961640314520110e-02
-4.889925139908957163e-02
-4.974888639503394216e-02
-5.959852139097843171e-02
-6.044815638692280224e-02
-7.029779138286718077e-02
-7.014742637881166143e-02
-8.099706137475592982e-02
-9.084669637070030834e-02
-9.169633136664467887e-02
-9.254596636258916043e-02
-1.023956013585335389e-01
-1.122452363544779175e-01
-1.120948713504223981e-01
-1.229445063463667775e-01
-1.337941413423111570e-01
-1.436437763382555355e-01
-1.544934113342000259e-01
-1.633430463301444036e-01
-1.641926813260887741e-01
-1.640423163220332547e-01
-1.558919513179776173e-01
-1.167415863139219523e-01
-2.959122130986635568e-02
3.855914369418922405e-02
8.770950869824478691e-02
1.348598737023003480e-01
1.740102387063561240e-01
2.221606037104116860e-01
2.603109687144671280e-01
2.904613337185227850e-01
3.286116987225783381e-01
3.577620637266341053e-01
3.769124287306896415e-01
3.960627937347451777e-01
4.052131587388008160e-01
4.053635237428564464e-01
3.945138887469119560e-01
3.846642537509674664e-01
3.648146187550230790e-01
3.449649837590789136e-01
3.251153487631345262e-01
2.862657137671898999e-01
2.554160787712456138e-01
2.265664437753013294e-01
1.867168087793568132e-01
1.378671737834122890e-01
9.801753878746799487e-02
6.916790379152359947e-02
4.831826879557921117e-02
1.946863379963481577e-02
-1.381001196309572521e-03
-2.023063619225407006e-02
-3.108027118819844947e-02
-4.992990618414283599e-02
-6.077954118008721540e-02
-7.062917617603170495e-02
-8.147881117197597334e-02
-8.132844616792034298e-02
-9.117808116386483253e-02
-9.102771615980920217e-02
-9.187735115575357270e-02
-9.172698615169794234e-02
-1.025766211476424328e-01
-1.024262561435868024e-01
-1.022758911395311721e-01
-1.031255261354756536e-01
-9.297516113142001437e-02
-9.382479612736438490e-02
-9.367443112330875454e-02
-8.552406611925322810e-02
-8.537370111519759774e-02
-8.622333611114196827e-02
-7.607297110708644006e-02
-7.592260610303080970e-02
-7.677224109897518023e-02
-6.662187609491965201e-02
-6.747151109086413356e-02
-6.732114608680850321e-02
-6.717078108275287285e-02
-6.802041607869735440e-02
-6.787005107464172404e-02
-6.871968607058609457e-02
-7.856932106653036207e-02
-7.841895606247484274e-02
-8.926859105841922215e-02
-8.911822605436359179e-02
-9.896786105030808134e-02
-9.881749604625245098e-02
-1.086671310421968295e-01
-1.195167660381412089e-01
-1.193664010340856896e-01
-1.292160360300300681e-01
-1.390656710259744466e-01
-1.389153060219188163e-01
-1.497649410178633067e-01
-1.596145760138076852e-01
-1.694642110097520638e-01
-1.803138460056965542e-01
-1.891634810016409318e-01
-1.890131159975853015e-01
-1.898627509935296720e-01
-1.897123859894741527e-01
-1.805620209854185143e-01
-1.324116559813628413e-01
-6.326129097730737172e-02
-5.110925973251689847e-03
4.303943903080398314e-02
9.218980403485954600e-02
1.313401690389149890e-01
1.804905340429707739e-01
2.186408990470264380e-01
2.477912640510818720e-01
2.769416290551374171e-01
3.060919940591931843e-01
3.252423590632487205e-01
3.453927240673042576e-01
3.545430890713600069e-01
3.546934540754156373e-01
3.548438190794711566e-01
3.349941840835267692e-01
3.241445490875822788e-01
2.952949140916379944e-01
2.754452790956934960e-01
2.465956440997492116e-01
2.067460091038048065e-01
1.778963741078601890e-01
1.290467391119158869e-01
1.001971041159714915e-01
6.034746912002719732e-02
3.049783412408269001e-02
1.164819912813830349e-02
-8.201435867806083913e-03
-3.805107086375059122e-02
-4.790070585969496975e-02
-6.675034085563924524e-02
-7.659997585158362376e-02
-8.744961084752811420e-02
-9.729924584347249272e-02
-9.714888083941686236e-02
-1.059985158353613510e-01
-1.158481508313057295e-01
-1.166977858272501001e-01
-1.265474208231944786e-01
-1.263970558191389593e-01
-1.262466908150833289e-01
-1.260963258110276985e-01
-1.269459608069721801e-01
-1.267955958029165497e-01
-1.266452307988609194e-01
-1.264948657948052890e-01
-1.163445007907497608e-01
-1.171941357866941313e-01
-1.170437707826385010e-01
-1.168934057785828706e-01
-1.067430407745273424e-01
-1.065926757704717120e-01
-9.744231076641607370e-02
-9.829194576236055525e-02
-9.814158075830492489e-02
-9.799121575424929453e-02
-8.784085075019376632e-02
-8.769048574613813596e-02
-9.754012074208251448e-02
-9.738975573802688412e-02
-9.823939073397136568e-02
-1.070890257299157433e-01
-1.069386607258601130e-01
-1.067882957218044826e-01
-1.166379307177489721e-01
-1.264875657136933507e-01
-1.263372007096377203e-01
-1.361868357055822099e-01
-1.360364707015265795e-01
-1.458861056974709580e-01
-1.557357406934153365e-01
-1.555853756893598172e-01
-1.654350106853041957e-01
-1.752846456812485743e-01
-1.851342806771929528e-01
-1.939839156731373304e-01
-1.938335506690817001e-01
-2.036831856650260786e-01
-2.135328206609705681e-01
-2.033824556569149289e-01
-2.032320906528592985e-01
-1.740817256488038645e-01
-1.159313606447481826e-01
-4.778099564069260285e-02
1.136936936336307991e-02
6.051973436741864276e-02
9.967009937147419674e-02
1.478204643755297587e-01
1.879708293795853136e-01
2.171211943836410807e-01
2.562715593876966347e-01
2.854219243917521798e-01
3.145722893958078359e-01
3.347226543998634840e-01
3.548730194039191321e-01
3.550233844079746515e-01
3.551737494120302818e-01
3.453241144160859033e-01
3.354744794201415248e-01
3.156248444241970263e-01
2.867752094282525199e-01
2.679255744323082444e-01
2.380759394363638481e-01
1.992263044404194439e-01
1.603766694444749286e-01
1.215270344485306353e-01
8.267739945258612000e-02
4.382776445664182674e-02
1.497812946069743134e-02
-4.871505535247067087e-03
-2.372114053119145360e-02
-4.357077552713584101e-02
-5.342041052308010851e-02
-6.227004551902459717e-02
-8.211968051496898457e-02
-9.196931551091336310e-02
-1.008189505068577407e-01
-1.096685855028022294e-01
-1.095182204987465990e-01
-1.193678554946909776e-01
-1.192174904906354582e-01
-1.190671254865798279e-01
-1.189167604825241975e-01
-1.287663954784686871e-01
-1.286160304744130567e-01
-1.284656654703574263e-01
-1.283153004663017960e-01
-1.281649354622462766e-01
-1.180145704581906374e-01
-1.168642054541350062e-01
-1.167138404500793758e-01
-1.065634754460238476e-01
-1.064131104419682172e-01
-1.062627454379125869e-01
-9.611238043385705865e-02
-9.596201542980142829e-02
-8.681165042574578994e-02
-8.666128542169015958e-02
-8.551092041763463936e-02
-8.536055541357900900e-02
-8.521019040952337864e-02
-8.505982540546785931e-02
-8.490946040141222895e-02
-8.475909539735659859e-02
-8.460873039330096823e-02
-9.245836538924545600e-02
-1.023080003851898345e-01
-1.021576353811342042e-01
-1.120072703770786937e-01
-1.118569053730230634e-01
-1.217065403689674419e-01
-1.295561753649118186e-01
-1.294058103608562993e-01
-1.392554453568006778e-01
-1.491050803527450563e-01
-1.589547153486895459e-01
-1.588043503446339155e-01
-1.676539853405781821e-01
-1.765036203365225598e-01
-1.763532553324670404e-01
-1.862028903284114190e-01
-1.960525253243557975e-01
-1.949021603203002773e-01
-1.947517953162446469e-01
-1.946014303121890165e-01
-1.744510653081333684e-01
-1.243007003040779157e-01
-4.615033530002221607e-02
2.000029704033345901e-03
5.115039470808901978e-02
1.003007597121444716e-01
1.404511247162001375e-01
1.896014897202558114e-01
2.187518547243112454e-01
2.579022197283670215e-01
2.890525847324225683e-01
3.182029497364780024e-01
3.473533147405337695e-01
3.575036797445894088e-01
3.686540447486449379e-01
3.688044097527004572e-01
3.689547747567560876e-01
3.491051397608117002e-01
3.402555047648674336e-01
3.214058697689228250e-01
2.925562347729785406e-01
3.016481197517349999e-01
2.619904006268984897e-01
2.223326815020622016e-01
1.826749623772258024e-01
1.440172432523892931e-01
1.143595241275530139e-01
8.470180500271662360e-02
6.504408587788024221e-02
4.438636675304385992e-02
2.472864762820747853e-02
5.070928503371097129e-03
-4.586790621465275386e-03
-2.524450974630154665e-02
-3.490222887113803019e-02
-4.455994799597440270e-02
-5.521766712081077610e-02
-5.487538624564713974e-02
-6.553310537048351314e-02
-6.619082449531987766e-02
-7.584854362015625018e-02
-7.650626274499261470e-02
-7.716398186982897922e-02
-7.682170099466545388e-02
-7.747942011950181840e-02
-7.813713924433818292e-02
-7.779485836917454655e-02
-7.845257749401091107e-02
-6.811029661884726583e-02
-6.876801574368363035e-02
-6.942573486851999487e-02
-6.908345399335635850e-02
-6.974117311819283405e-02
-6.039889224302918969e-02
-6.005661136786555332e-02
-5.071433049270190896e-02
-5.037204961753827259e-02
-5.102976874237463711e-02
-5.168748786721100164e-02
-4.234520699204735728e-02
-4.300292611688383282e-02
-4.266064524172019645e-02
-5.231836436655656897e-02
-5.297608349139293349e-02
-5.263380261622929712e-02
-6.329152174106567053e-02
-6.294924086590203416e-02
-7.360695999073840756e-02
-7.326467911557477120e-02
-8.392239824041125562e-02
-9.358011736524762814e-02
-9.323783649008399177e-02
-1.138955556149203741e-01
-1.135532747397567377e-01
-1.242109938645931111e-01
-1.338687129894294836e-01
-1.345264321142658481e-01
-1.431841512391023308e-01
-1.538418703639387042e-01
-1.544995894887750687e-01
-1.641573086136113302e-01
-1.748150277384477036e-01
-1.834727468632840752e-01
-1.841304659881204397e-01
-1.837881851129568034e-01
-1.754459042377931599e-01
-1.361036233626297109e-01
-6.776134248746601418e-02
5.809383876975715566e-04
4.892321926286125056e-02
9.826550013802481942e-02
1.366077810131884895e-01
1.859500618883520584e-01
2.242923427635158395e-01
2.636346236386795105e-01
2.919769045138429497e-01
3.313191853890066207e-01
3.506614662641702740e-01
3.800037471393339361e-01
3.893460280144973584e-01
3.896883088896611058e-01
3.890305897648247413e-01
3.793728706399884798e-01
3.697151515151519963e-01
3.500574323903156149e-01
3.303997132654791224e-01
3.007419941406428432e-01
2.620842750158064449e-01
2.324265558909701657e-01
1.927688367661336555e-01
1.531111176412973673e-01
1.144533985164609691e-01
7.479567939162456991e-02
5.613796026678818940e-02
3.648024114195180800e-02
6.822522017115417725e-03
-2.835197107720954790e-03
-2.249291623255733619e-02
-3.215063535739370870e-02
-5.280835448223009099e-02
-6.146607360706646261e-02
-7.112379273190272411e-02
-7.178151185673919965e-02
-8.143923098157557217e-02
-9.209695010641194557e-02
-9.175466923124830920e-02
-9.141238835608467284e-02
-9.207010748092103736e-02
-1.007278266057574090e-01
-1.013855457305937735e-01
-1.010432648554301371e-01
-1.007009839802666118e-01
-1.013587031051029763e-01
-1.010164222299393399e-01
-9.267414135477569648e-02
-9.233186047961206011e-02
-9.198957960444842374e-02
-9.264729872928478827e-02
-8.230501785412125404e-02
-8.196273697895750665e-02
-8.262045610379398219e-02
-7.227817522863044797e-02
-7.293589435346681249e-02
-7.259361347830317612e-02
-6.225133260313953087e-02
-6.290905172797589540e-02
-6.256677085281225903e-02
-6.222448997764862266e-02
-7.288220910248499607e-02
-7.253992822732147072e-02
-7.219764735215783436e-02
-8.285536647699420776e-02
-8.251308560183057139e-02
-9.217080472666683288e-02
-9.282852385150319741e-02
-1.014862429763395690e-01
-1.111439621011759415e-01
-1.118016812260124171e-01
-1.214594003508487896e-01